PT_H2_03,PT_LO2_03,PT_LO2_04,PT_TI_01,PT_GG_01,PT_FU_04,Accel_AI
-215.71531677246094,-21.570873260498047,-21.571531295776367,-21.571531295776367,-21.571531295776367,-21.571531295776367,-183.39930725097656
-215.71531677246094,-21.571531295776367,-21.571531295776367,-21.571531295776367,-21.571531295776367,-21.572189331054688,-183.366455078125
-215.71531677246094,-21.571531295776367,-21.571531295776367,-21.571531295776367,-21.571531295776367,-21.571531295776367,-183.35003662109375
-215.71531677246094,-21.571531295776367,-21.570873260498047,-21.571531295776367,-21.571531295776367,-21.571531295776367,-183.31719970703125
-215.71531677246094,-21.571531295776367,-21.571531295776367,-21.571531295776367,-21.571531295776367,-21.572189331054688,-183.35003662109375
-215.71531677246094,-21.571531295776367,-21.572189331054688,-21.571531295776367,-21.571531295776367,-21.571531295776367,-183.3828887939453
-215.708740234375,-21.571531295776367,-21.570873260498047,-21.571531295776367,-21.571531295776367,-21.572189331054688,-183.3828887939453
-215.71531677246094,-21.572189331054688,-21.570873260498047,-21.571531295776367,-21.571531295776367,-21.571531295776367,-183.43214416503906
-215.71531677246094,-21.572189331054688,-21.571531295776367,-21.571531295776367,-21.571531295776367,-21.572189331054688,-183.4485626220703
-215.71531677246094,-21.570873260498047,-21.571531295776367,-21.570873260498047,-21.571531295776367,-21.571531295776367,-183.49783325195312
-215.71531677246094,-21.571531295776367,-21.571531295776367,-21.571531295776367,-21.571531295776367,-21.572189331054688,-183.51425170898438
-215.71531677246094,-21.571531295776367,-21.571531295776367,-21.571531295776367,-21.571531295776367,-21.571531295776367,-183.51425170898438
-215.71531677246094,-21.570873260498047,-21.571531295776367,-21.571531295776367,-21.571531295776367,-21.571531295776367,-183.51425170898438
-215.71531677246094,-21.571531295776367,-21.572189331054688,-21.571531295776367,-21.572189331054688,-21.572189331054688,-183.54708862304688
-215.71531677246094,-21.571531295776367,-21.571531295776367,-21.572189331054688,-21.572189331054688,-21.571531295776367,-183.51425170898438
-215.7218780517578,-21.571531295776367,-21.571531295776367,-21.571531295776367,-21.571531295776367,-21.572189331054688,-183.4485626220703
-215.71531677246094,-21.571531295776367,-21.571531295776367,-21.571531295776367,-21.571531295776367,-21.571531295776367,-183.43214416503906
-215.71531677246094,-21.571531295776367,-21.572189331054688,-21.571531295776367,-21.571531295776367,-21.572189331054688,-183.4157257080078
-215.71531677246094,-21.570873260498047,-21.571531295776367,-21.570873260498047,-21.571531295776367,-21.572189331054688,-183.366455078125
-215.7218780517578,-21.571531295776367,-21.571531295776367,-21.571531295776367,-21.571531295776367,-21.571531295776367,-183.366455078125
-215.71531677246094,-21.571531295776367,-21.571531295776367,-21.571531295776367,-21.571531295776367,-21.571531295776367,-183.3828887939453
-215.71531677246094,-21.570873260498047,-21.571531295776367,-21.571531295776367,-21.572189331054688,-21.571531295776367,-183.3336181640625
-215.71531677246094,-21.571531295776367,-21.571531295776367,-21.571531295776367,-21.571531295776367,-21.571531295776367,-183.31719970703125
-215.71531677246094,-21.571531295776367,-21.571531295776367,-21.571531295776367,-21.571531295776367,-21.572189331054688,-183.35003662109375
-215.71531677246094,-21.571531295776367,-21.571531295776367,-21.571531295776367,-21.571531295776367,-21.571531295776367,-183.39930725097656
-215.71531677246094,-21.571531295776367,-21.571531295776367,-21.571531295776367,-21.571531295776367,-21.571531295776367,-183.48141479492188
-215.71531677246094,-21.571531295776367,-21.571531295776367,-21.571531295776367,-21.571531295776367,-21.571531295776367,-183.51425170898438
-215.71531677246094,-21.572189331054688,-21.572189331054688,-21.571531295776367,-21.571531295776367,-21.571531295776367,-183.54708862304688
-215.71531677246094,-21.571531295776367,-21.571531295776367,-21.571531295776367,-21.571531295776367,-21.571531295776367,-183.54708862304688
-215.7218780517578,-21.572189331054688,-21.571531295776367,-21.571531295776367,-21.572189331054688,-21.572189331054688,-183.51425170898438
-215.71531677246094,-21.571531295776367,-21.571531295776367,-21.571531295776367,-21.571531295776367,-21.571531295776367,-183.51425170898438
-215.71531677246094,-21.571531295776367,-21.571531295776367,-21.572189331054688,-21.571531295776367,-21.572189331054688,-183.51425170898438
-215.71531677246094,-21.571531295776367,-21.571531295776367,-21.571531295776367,-21.571531295776367,-21.571531295776367,-183.39930725097656
-215.71531677246094,-21.571531295776367,-21.572189331054688,-21.571531295776367,-21.572189331054688,-21.572189331054688,-183.39930725097656
-215.71531677246094,-21.571531295776367,-21.571531295776367,-21.572189331054688,-21.571531295776367,-21.571531295776367,-183.39930725097656
-215.71531677246094,-21.570873260498047,-21.571531295776367,-21.571531295776367,-21.572189331054688,-21.571531295776367,-183.3336181640625
-215.71531677246094,-21.571531295776367,-21.571531295776367,-21.571531295776367,-21.571531295776367,-21.571531295776367,-183.35003662109375
-215.71531677246094,-21.571531295776367,-21.571531295776367,-21.572189331054688,-21.571531295776367,-21.572189331054688,-183.35003662109375
-215.71531677246094,-21.571531295776367,-21.571531295776367,-21.571531295776367,-21.571531295776367,-21.571531295776367,-183.31719970703125
-215.71531677246094,-21.571531295776367,-21.572189331054688,-21.571531295776367,-21.572189331054688,-21.571531295776367,-183.39930725097656
-215.71531677246094,-21.571531295776367,-21.571531295776367,-21.571531295776367,-21.571531295776367,-21.571531295776367,-183.39930725097656
-215.71531677246094,-21.571531295776367,-21.572189331054688,-21.572189331054688,-21.571531295776367,-21.571531295776367,-183.43214416503906
-215.71531677246094,-21.571531295776367,-21.570873260498047,-21.571531295776367,-21.571531295776367,-21.571531295776367,-183.4485626220703
-215.71531677246094,-21.570873260498047,-21.571531295776367,-21.571531295776367,-21.571531295776367,-21.571531295776367,-183.4485626220703
-215.71531677246094,-21.572189331054688,-21.572189331054688,-21.571531295776367,-21.571531295776367,-21.572189331054688,-183.53067016601562
-215.71531677246094,-21.571531295776367,-21.571531295776367,-21.570873260498047,-21.571531295776367,-21.572189331054688,-183.49783325195312
-215.71531677246094,-21.571531295776367,-21.571531295776367,-21.571531295776367,-21.571531295776367,-21.571531295776367,-183.51425170898438
-215.7218780517578,-21.571531295776367,-21.571531295776367,-21.571531295776367,-21.571531295776367,-21.571531295776367,-183.51425170898438
-215.71531677246094,-21.572189331054688,-21.571531295776367,-21.571531295776367,-21.571531295776367,-21.571531295776367,-183.46498107910156
-215.71531677246094,-21.571531295776367,-21.571531295776367,-21.571531295776367,-21.571531295776367,-21.571531295776367,-183.4157257080078
-215.71531677246094,-21.571531295776367,-21.570873260498047,-21.571531295776367,-21.571531295776367,-21.571531295776367,-183.4157257080078
-215.71531677246094,-21.571531295776367,-21.571531295776367,-21.571531295776367,-21.571531295776367,-21.571531295776367,-183.35003662109375
-215.71531677246094,-21.571531295776367,-21.570873260498047,-21.570873260498047,-21.570873260498047,-21.572189331054688,-183.35003662109375
-215.71531677246094,-21.571531295776367,-21.571531295776367,-21.571531295776367,-21.570873260498047,-21.571531295776367,-183.366455078125
-215.71531677246094,-21.571531295776367,-21.571531295776367,-21.571531295776367,-21.571531295776367,-21.571531295776367,-183.31719970703125
-215.71531677246094,-21.571531295776367,-21.571531295776367,-21.572189331054688,-21.571531295776367,-21.572189331054688,-183.35003662109375
-215.71531677246094,-21.571531295776367,-21.571531295776367,-21.571531295776367,-21.571531295776367,-21.571531295776367,-183.35003662109375
-215.71531677246094,-21.571531295776367,-21.571531295776367,-21.570873260498047,-21.570873260498047,-21.572189331054688,-183.43214416503906
-215.71531677246094,-21.571531295776367,-21.571531295776367,-21.571531295776367,-21.571531295776367,-21.572189331054688,-183.4157257080078
-215.71531677246094,-21.571531295776367,-21.571531295776367,-21.571531295776367,-21.572189331054688,-21.571531295776367,-183.48141479492188
-215.71531677246094,-21.572189331054688,-21.572189331054688,-21.571531295776367,-21.572189331054688,-21.572189331054688,-183.53067016601562
-215.71531677246094,-21.571531295776367,-21.571531295776367,-21.571531295776367,-21.571531295776367,-21.572189331054688,-183.49783325195312
-215.71531677246094,-21.570873260498047,-21.571531295776367,-21.571531295776367,-21.571531295776367,-21.572189331054688,-183.49783325195312
-215.71531677246094,-21.570873260498047,-21.571531295776367,-21.572189331054688,-21.571531295776367,-21.572189331054688,-183.54708862304688
-215.71531677246094,-21.571531295776367,-21.571531295776367,-21.570873260498047,-21.571531295776367,-21.572189331054688,-183.49783325195312
-215.71531677246094,-21.572189331054688,-21.570873260498047,-21.571531295776367,-21.571531295776367,-21.572189331054688,-183.4485626220703
-215.71531677246094,-21.572189331054688,-21.571531295776367,-21.572189331054688,-21.571531295776367,-21.572189331054688,-183.4485626220703
-215.7218780517578,-21.571531295776367,-21.571531295776367,-21.571531295776367,-21.571531295776367,-21.571531295776367,-183.3828887939453
-215.7218780517578,-21.571531295776367,-21.571531295776367,-21.571531295776367,-21.571531295776367,-21.572189331054688,-183.35003662109375
-215.71531677246094,-21.571531295776367,-21.571531295776367,-21.571531295776367,-21.571531295776367,-21.571531295776367,-183.3336181640625
-215.71531677246094,-21.571531295776367,-21.571531295776367,-21.571531295776367,-21.571531295776367,-21.571531295776367,-183.30078125
-215.71531677246094,-21.571531295776367,-21.571531295776367,-21.571531295776367,-21.572189331054688,-21.572189331054688,-183.366455078125
-215.71531677246094,-21.571531295776367,-21.571531295776367,-21.571531295776367,-21.571531295776367,-21.571531295776367,-183.3336181640625
-215.71531677246094,-21.571531295776367,-21.572189331054688,-21.571531295776367,-21.571531295776367,-21.572189331054688,-183.3828887939453
-215.71531677246094,-21.571531295776367,-21.572189331054688,-21.571531295776367,-21.571531295776367,-21.572189331054688,-183.4157257080078
-215.71531677246094,-21.572189331054688,-21.571531295776367,-21.571531295776367,-21.571531295776367,-21.571531295776367,-183.48141479492188
-215.71531677246094,-21.571531295776367,-21.571531295776367,-21.571531295776367,-21.571531295776367,-21.571531295776367,-183.46498107910156
-215.708740234375,-21.571531295776367,-21.571531295776367,-21.571531295776367,-21.571531295776367,-21.571531295776367,-183.49783325195312
-215.71531677246094,-21.571531295776367,-21.571531295776367,-21.571531295776367,-21.571531295776367,-21.572189331054688,-183.54708862304688
-215.71531677246094,-21.571531295776367,-21.571531295776367,-21.572189331054688,-21.571531295776367,-21.571531295776367,-183.53067016601562
-215.71531677246094,-21.571531295776367,-21.571531295776367,-21.571531295776367,-21.571531295776367,-21.571531295776367,-183.49783325195312
-215.71531677246094,-21.571531295776367,-21.571531295776367,-21.571531295776367,-21.571531295776367,-21.572189331054688,-183.51425170898438
-215.71531677246094,-21.571531295776367,-21.571531295776367,-21.571531295776367,-21.571531295776367,-21.572189331054688,-183.39930725097656
-215.71531677246094,-21.572189331054688,-21.571531295776367,-21.570873260498047,-21.571531295776367,-21.571531295776367,-183.3828887939453
-215.71531677246094,-21.571531295776367,-21.571531295776367,-21.571531295776367,-21.571531295776367,-21.572189331054688,-183.366455078125
-215.71531677246094,-21.571531295776367,-21.571531295776367,-21.571531295776367,-21.571531295776367,-21.572189331054688,-183.30078125
-215.71531677246094,-21.571531295776367,-21.571531295776367,-21.571531295776367,-21.571531295776367,-21.571531295776367,-183.31719970703125
-215.71531677246094,-21.571531295776367,-21.571531295776367,-21.571531295776367,-21.571531295776367,-21.571531295776367,-183.3336181640625
-215.71531677246094,-21.571531295776367,-21.571531295776367,-21.571531295776367,-21.571531295776367,-21.572189331054688,-183.3336181640625
-215.71531677246094,-21.571531295776367,-21.571531295776367,-21.571531295776367,-21.571531295776367,-21.571531295776367,-183.35003662109375
-215.71531677246094,-21.571531295776367,-21.571531295776367,-21.571531295776367,-21.571531295776367,-21.571531295776367,-183.39930725097656
-215.71531677246094,-21.571531295776367,-21.572189331054688,-21.572189331054688,-21.571531295776367,-21.571531295776367,-183.39930725097656
-215.71531677246094,-21.571531295776367,-21.571531295776367,-21.571531295776367,-21.571531295776367,-21.572189331054688,-183.46498107910156
-215.71531677246094,-21.571531295776367,-21.571531295776367,-21.571531295776367,-21.570873260498047,-21.571531295776367,-183.48141479492188
-215.71531677246094,-21.571531295776367,-21.571531295776367,-21.571531295776367,-21.571531295776367,-21.572189331054688,-183.51425170898438
-215.71531677246094,-21.571531295776367,-21.571531295776367,-21.571531295776367,-21.571531295776367,-21.572189331054688,-183.51425170898438
-215.71531677246094,-21.571531295776367,-21.571531295776367,-21.571531295776367,-21.570873260498047,-21.571531295776367,-183.51425170898438
-215.71531677246094,-21.571531295776367,-21.571531295776367,-21.571531295776367,-21.571531295776367,-21.571531295776367,-183.51425170898438
-215.71531677246094,-21.571531295776367,-21.571531295776367,-21.570873260498047,-21.571531295776367,-21.571531295776367,-183.4485626220703
-215.7218780517578,-21.571531295776367,-21.572189331054688,-21.571531295776367,-21.571531295776367,-21.572189331054688,-183.43214416503906
-215.71531677246094,-21.571531295776367,-21.571531295776367,-21.571531295776367,-21.571531295776367,-21.571531295776367,-183.3828887939453
-215.71531677246094,-21.571531295776367,-21.571531295776367,-21.571531295776367,-21.571531295776367,-21.571531295776367,-183.3828887939453
-215.71531677246094,-21.571531295776367,-21.571531295776367,-21.572189331054688,-21.572189331054688,-21.571531295776367,-183.3336181640625
-215.71531677246094,-21.571531295776367,-21.571531295776367,-21.571531295776367,-21.571531295776367,-21.571531295776367,-183.35003662109375
-215.71531677246094,-21.571531295776367,-21.571531295776367,-21.571531295776367,-21.571531295776367,-21.571531295776367,-183.31719970703125
-215.71531677246094,-21.571531295776367,-21.571531295776367,-21.571531295776367,-21.571531295776367,-21.572189331054688,-183.366455078125
-215.71531677246094,-21.571531295776367,-21.571531295776367,-21.571531295776367,-21.571531295776367,-21.572189331054688,-183.3828887939453
-215.71531677246094,-21.571531295776367,-21.571531295776367,-21.571531295776367,-21.570873260498047,-21.572189331054688,-183.43214416503906
-215.71531677246094,-21.572189331054688,-21.571531295776367,-21.572189331054688,-21.570873260498047,-21.572189331054688,-183.4485626220703
-215.708740234375,-21.572189331054688,-21.571531295776367,-21.571531295776367,-21.571531295776367,-21.572189331054688,-183.48141479492188
-215.71531677246094,-21.571531295776367,-21.571531295776367,-21.571531295776367,-21.571531295776367,-21.571531295776367,-183.54708862304688
-215.71531677246094,-21.571531295776367,-21.571531295776367,-21.571531295776367,-21.571531295776367,-21.572189331054688,-183.49783325195312
-215.71531677246094,-21.571531295776367,-21.571531295776367,-21.571531295776367,-21.571531295776367,-21.571531295776367,-183.53067016601562
-215.71531677246094,-21.570873260498047,-21.571531295776367,-21.571531295776367,-21.571531295776367,-21.571531295776367,-183.51425170898438
-215.71531677246094,-21.571531295776367,-21.571531295776367,-21.571531295776367,-21.572189331054688,-21.571531295776367,-183.48141479492188
-215.71531677246094,-21.571531295776367,-21.571531295776367,-21.571531295776367,-21.572189331054688,-21.572189331054688,-183.49783325195312
-215.71531677246094,-21.570873260498047,-21.571531295776367,-21.571531295776367,-21.571531295776367,-21.572189331054688,-183.4485626220703
-215.71531677246094,-21.571531295776367,-21.571531295776367,-21.571531295776367,-21.571531295776367,-21.571531295776367,-183.39930725097656
-215.71531677246094,-21.571531295776367,-21.571531295776367,-21.571531295776367,-21.571531295776367,-21.572189331054688,-183.366455078125
-215.71531677246094,-21.571531295776367,-21.571531295776367,-21.571531295776367,-21.570873260498047,-21.571531295776367,-183.35003662109375
-215.71531677246094,-21.571531295776367,-21.571531295776367,-21.571531295776367,-21.571531295776367,-21.572189331054688,-183.31719970703125
-215.71531677246094,-21.571531295776367,-21.571531295776367,-21.572189331054688,-21.571531295776367,-21.571531295776367,-183.31719970703125
-215.71531677246094,-21.571531295776367,-21.571531295776367,-21.571531295776367,-21.571531295776367,-21.571531295776367,-183.366455078125
-215.71531677246094,-21.571531295776367,-21.571531295776367,-21.571531295776367,-21.572189331054688,-21.571531295776367,-183.39930725097656
-215.71531677246094,-21.570873260498047,-21.571531295776367,-21.570873260498047,-21.571531295776367,-21.571531295776367,-183.4485626220703
-215.71531677246094,-21.571531295776367,-21.571531295776367,-21.571531295776367,-21.571531295776367,-21.571531295776367,-183.43214416503906
-215.71531677246094,-21.571531295776367,-21.571531295776367,-21.571531295776367,-21.571531295776367,-21.571531295776367,-183.46498107910156
-215.7218780517578,-21.571531295776367,-21.571531295776367,-21.571531295776367,-21.571531295776367,-21.572189331054688,-183.48141479492188
-215.708740234375,-21.571531295776367,-21.571531295776367,-21.571531295776367,-21.571531295776367,-21.571531295776367,-183.53067016601562
-215.708740234375,-21.571531295776367,-21.571531295776367,-21.571531295776367,-21.571531295776367,-21.572189331054688,-183.51425170898438
-215.71531677246094,-21.571531295776367,-21.571531295776367,-21.571531295776367,-21.571531295776367,-21.572189331054688,-183.51425170898438
-215.71531677246094,-21.571531295776367,-21.571531295776367,-21.571531295776367,-21.571531295776367,-21.571531295776367,-183.46498107910156
-215.71531677246094,-21.571531295776367,-21.571531295776367,-21.571531295776367,-21.571531295776367,-21.571531295776367,-183.4485626220703
-215.71531677246094,-21.571531295776367,-21.571531295776367,-21.571531295776367,-21.571531295776367,-21.572189331054688,-183.3828887939453
-215.71531677246094,-21.571531295776367,-21.571531295776367,-21.571531295776367,-21.572189331054688,-21.571531295776367,-183.39930725097656
-215.71531677246094,-21.571531295776367,-21.572189331054688,-21.571531295776367,-21.571531295776367,-21.571531295776367,-183.3828887939453
-215.71531677246094,-21.571531295776367,-21.571531295776367,-21.571531295776367,-21.571531295776367,-21.571531295776367,-183.35003662109375
-215.71531677246094,-21.571531295776367,-21.572189331054688,-21.571531295776367,-21.571531295776367,-21.572189331054688,-183.366455078125
-215.71531677246094,-21.571531295776367,-21.571531295776367,-21.571531295776367,-21.571531295776367,-21.571531295776367,-183.3336181640625
-215.71531677246094,-21.571531295776367,-21.571531295776367,-21.571531295776367,-21.572189331054688,-21.572189331054688,-183.31719970703125
-215.71531677246094,-21.571531295776367,-21.571531295776367,-21.571531295776367,-21.571531295776367,-21.572189331054688,-183.3828887939453
-215.71531677246094,-21.571531295776367,-21.571531295776367,-21.571531295776367,-21.571531295776367,-21.571531295776367,-183.43214416503906
-215.71531677246094,-21.571531295776367,-21.572189331054688,-21.571531295776367,-21.571531295776367,-21.572189331054688,-183.49783325195312
-215.71531677246094,-21.571531295776367,-21.571531295776367,-21.570873260498047,-21.570873260498047,-21.571531295776367,-183.48141479492188
-215.71531677246094,-21.571531295776367,-21.571531295776367,-21.571531295776367,-21.571531295776367,-21.571531295776367,-183.54708862304688
-215.71531677246094,-21.571531295776367,-21.571531295776367,-21.571531295776367,-21.571531295776367,-21.571531295776367,-183.53067016601562
-215.71531677246094,-21.571531295776367,-21.570873260498047,-21.571531295776367,-21.570873260498047,-21.571531295776367,-183.51425170898438
-215.71531677246094,-21.572189331054688,-21.571531295776367,-21.571531295776367,-21.571531295776367,-21.572189331054688,-183.51425170898438
-215.71531677246094,-21.571531295776367,-21.571531295776367,-21.571531295776367,-21.571531295776367,-21.571531295776367,-183.48141479492188
-215.71531677246094,-21.571531295776367,-21.570873260498047,-21.572189331054688,-21.571531295776367,-21.572189331054688,-183.46498107910156
-215.71531677246094,-21.571531295776367,-21.571531295776367,-21.571531295776367,-21.571531295776367,-21.571531295776367,-183.48141479492188
-215.71531677246094,-21.570873260498047,-21.571531295776367,-21.571531295776367,-21.572189331054688,-21.571531295776367,-183.3828887939453
-215.71531677246094,-21.571531295776367,-21.570873260498047,-21.571531295776367,-21.571531295776367,-21.572189331054688,-183.366455078125
-215.71531677246094,-21.571531295776367,-21.571531295776367,-21.571531295776367,-21.571531295776367,-21.571531295776367,-183.35003662109375
-215.71531677246094,-21.570873260498047,-21.571531295776367,-21.571531295776367,-21.571531295776367,-21.572189331054688,-183.3336181640625
-215.71531677246094,-21.571531295776367,-21.572189331054688,-21.571531295776367,-21.571531295776367,-21.571531295776367,-183.366455078125
-215.71531677246094,-21.571531295776367,-21.571531295776367,-21.571531295776367,-21.571531295776367,-21.571531295776367,-183.35003662109375
-215.71531677246094,-21.571531295776367,-21.571531295776367,-21.571531295776367,-21.571531295776367,-21.572189331054688,-183.39930725097656
-215.71531677246094,-21.571531295776367,-21.571531295776367,-21.571531295776367,-21.570873260498047,-21.572189331054688,-183.4485626220703
-215.71531677246094,-21.571531295776367,-21.571531295776367,-21.571531295776367,-21.571531295776367,-21.571531295776367,-183.4485626220703
-215.71531677246094,-21.570873260498047,-21.571531295776367,-21.572189331054688,-21.571531295776367,-21.571531295776367,-183.51425170898438
-215.71531677246094,-21.571531295776367,-21.571531295776367,-21.571531295776367,-21.572189331054688,-21.572189331054688,-183.56350708007812
-215.71531677246094,-21.571531295776367,-21.571531295776367,-21.571531295776367,-21.571531295776367,-21.571531295776367,-183.51425170898438
-215.708740234375,-21.571531295776367,-21.571531295776367,-21.571531295776367,-21.571531295776367,-21.571531295776367,-183.53067016601562
-215.71531677246094,-21.571531295776367,-21.571531295776367,-21.571531295776367,-21.571531295776367,-21.571531295776367,-183.51425170898438
-215.71531677246094,-21.571531295776367,-21.571531295776367,-21.571531295776367,-21.571531295776367,-21.571531295776367,-183.43214416503906
-215.71531677246094,-21.570873260498047,-21.571531295776367,-21.571531295776367,-21.571531295776367,-21.571531295776367,-183.4157257080078
-215.71531677246094,-21.571531295776367,-21.572189331054688,-21.571531295776367,-21.571531295776367,-21.571531295776367,-183.3828887939453
-215.71531677246094,-21.572189331054688,-21.571531295776367,-21.571531295776367,-21.571531295776367,-21.571531295776367,-183.3336181640625
-215.71531677246094,-21.571531295776367,-21.571531295776367,-21.572189331054688,-21.571531295776367,-21.571531295776367,-183.35003662109375
-215.71531677246094,-21.571531295776367,-21.571531295776367,-21.572189331054688,-21.571531295776367,-21.572189331054688,-183.3336181640625
-215.71531677246094,-21.572189331054688,-21.571531295776367,-21.570873260498047,-21.571531295776367,-21.571531295776367,-183.3336181640625
-215.71531677246094,-21.572189331054688,-21.571531295776367,-21.571531295776367,-21.571531295776367,-21.571531295776367,-183.35003662109375
-215.71531677246094,-21.571531295776367,-21.571531295776367,-21.571531295776367,-21.571531295776367,-21.572189331054688,-183.39930725097656
-215.71531677246094,-21.570873260498047,-21.571531295776367,-21.571531295776367,-21.571531295776367,-21.570873260498047,-183.43214416503906
-215.71531677246094,-21.572189331054688,-21.571531295776367,-21.571531295776367,-21.570873260498047,-21.572189331054688,-183.49783325195312
-215.71531677246094,-21.571531295776367,-21.572189331054688,-21.571531295776367,-21.571531295776367,-21.571531295776367,-183.4485626220703
-215.71531677246094,-21.572189331054688,-21.571531295776367,-21.571531295776367,-21.571531295776367,-21.571531295776367,-183.4485626220703
-215.71531677246094,-21.571531295776367,-21.571531295776367,-21.571531295776367,-21.571531295776367,-21.571531295776367,-183.49783325195312
-215.71531677246094,-21.571531295776367,-21.571531295776367,-21.571531295776367,-21.571531295776367,-21.571531295776367,-183.51425170898438
-215.7218780517578,-21.571531295776367,-21.571531295776367,-21.571531295776367,-21.571531295776367,-21.571531295776367,-183.51425170898438
-215.71531677246094,-21.571531295776367,-21.571531295776367,-21.571531295776367,-21.571531295776367,-21.571531295776367,-183.46498107910156
-215.71531677246094,-21.571531295776367,-21.571531295776367,-21.571531295776367,-21.571531295776367,-21.571531295776367,-183.4485626220703
-215.71531677246094,-21.571531295776367,-21.571531295776367,-21.571531295776367,-21.571531295776367,-21.571531295776367,-183.4485626220703
-215.71531677246094,-21.571531295776367,-21.571531295776367,-21.571531295776367,-21.571531295776367,-21.572189331054688,-183.366455078125
-215.71531677246094,-21.571531295776367,-21.571531295776367,-21.570873260498047,-21.571531295776367,-21.571531295776367,-183.35003662109375
-215.71531677246094,-21.571531295776367,-21.571531295776367,-21.570873260498047,-21.571531295776367,-21.571531295776367,-183.35003662109375
-215.71531677246094,-21.571531295776367,-21.571531295776367,-21.571531295776367,-21.571531295776367,-21.571531295776367,-183.30078125
-215.7218780517578,-21.571531295776367,-21.571531295776367,-21.571531295776367,-21.571531295776367,-21.572189331054688,-183.31719970703125
-215.71531677246094,-21.571531295776367,-21.571531295776367,-21.571531295776367,-21.571531295776367,-21.571531295776367,-183.3336181640625
-215.71531677246094,-21.571531295776367,-21.571531295776367,-21.571531295776367,-21.571531295776367,-21.572189331054688,-183.35003662109375
-215.71531677246094,-21.571531295776367,-21.571531295776367,-21.571531295776367,-21.571531295776367,-21.572189331054688,-183.43214416503906
-215.71531677246094,-21.572189331054688,-21.571531295776367,-21.571531295776367,-21.571531295776367,-21.572189331054688,-183.49783325195312
-215.708740234375,-21.570873260498047,-21.571531295776367,-21.571531295776367,-21.571531295776367,-21.571531295776367,-183.49783325195312
-215.708740234375,-21.571531295776367,-21.571531295776367,-21.572189331054688,-21.571531295776367,-21.572189331054688,-183.51425170898438
-215.71531677246094,-21.571531295776367,-21.570873260498047,-21.571531295776367,-21.571531295776367,-21.571531295776367,-183.49783325195312
-215.708740234375,-21.571531295776367,-21.571531295776367,-21.571531295776367,-21.571531295776367,-21.571531295776367,-183.53067016601562
-215.71531677246094,-21.571531295776367,-21.571531295776367,-21.571531295776367,-21.571531295776367,-21.572189331054688,-183.54708862304688
-215.71531677246094,-21.571531295776367,-21.571531295776367,-21.571531295776367,-21.570873260498047,-21.571531295776367,-183.48141479492188
-215.71531677246094,-21.571531295776367,-21.571531295776367,-21.571531295776367,-21.571531295776367,-21.572189331054688,-183.3828887939453
-215.71531677246094,-21.571531295776367,-21.572189331054688,-21.571531295776367,-21.570873260498047,-21.572189331054688,-183.39930725097656
-215.71531677246094,-21.571531295776367,-21.571531295776367,-21.571531295776367,-21.571531295776367,-21.571531295776367,-183.3336181640625
-215.71531677246094,-21.571531295776367,-21.571531295776367,-21.571531295776367,-21.572189331054688,-21.571531295776367,-183.35003662109375
-215.71531677246094,-21.571531295776367,-21.571531295776367,-21.571531295776367,-21.571531295776367,-21.571531295776367,-183.3336181640625
-215.71531677246094,-21.571531295776367,-21.571531295776367,-21.571531295776367,-21.571531295776367,-21.572189331054688,-183.3336181640625
-215.71531677246094,-21.571531295776367,-21.571531295776367,-21.571531295776367,-21.571531295776367,-21.572189331054688,-183.366455078125
-215.71531677246094,-21.571531295776367,-21.572189331054688,-21.571531295776367,-21.570873260498047,-21.572189331054688,-183.366455078125
-215.71531677246094,-21.571531295776367,-21.571531295776367,-21.571531295776367,-21.571531295776367,-21.571531295776367,-183.3828887939453
-215.708740234375,-21.570873260498047,-21.571531295776367,-21.571531295776367,-21.571531295776367,-21.571531295776367,-183.4157257080078
-215.71531677246094,-21.571531295776367,-21.571531295776367,-21.571531295776367,-21.571531295776367,-21.571531295776367,-183.48141479492188
-215.71531677246094,-21.571531295776367,-21.570873260498047,-21.571531295776367,-21.571531295776367,-21.571531295776367,-183.49783325195312
-215.71531677246094,-21.571531295776367,-21.571531295776367,-21.571531295776367,-21.571531295776367,-21.571531295776367,-183.54708862304688
-215.71531677246094,-21.571531295776367,-21.572189331054688,-21.571531295776367,-21.571531295776367,-21.572189331054688,-183.51425170898438
-215.71531677246094,-21.571531295776367,-21.571531295776367,-21.571531295776367,-21.570873260498047,-21.572189331054688,-183.49783325195312
-215.71531677246094,-21.571531295776367,-21.570873260498047,-21.571531295776367,-21.571531295776367,-21.571531295776367,-183.48141479492188
-215.71531677246094,-21.570873260498047,-21.571531295776367,-21.571531295776367,-21.570873260498047,-21.571531295776367,-183.4485626220703
-215.71531677246094,-21.571531295776367,-21.571531295776367,-21.571531295776367,-21.571531295776367,-21.572189331054688,-183.4485626220703
-215.71531677246094,-21.571531295776367,-21.571531295776367,-21.571531295776367,-21.571531295776367,-21.572189331054688,-183.4157257080078
-215.71531677246094,-21.571531295776367,-21.571531295776367,-21.571531295776367,-21.571531295776367,-21.572189331054688,-183.366455078125
-215.71531677246094,-21.571531295776367,-21.571531295776367,-21.571531295776367,-21.571531295776367,-21.572189331054688,-183.366455078125
-215.71531677246094,-21.571531295776367,-21.572189331054688,-21.571531295776367,-21.571531295776367,-21.572189331054688,-183.30078125
-215.71531677246094,-21.572189331054688,-21.572189331054688,-21.571531295776367,-21.571531295776367,-21.571531295776367,-183.31719970703125
-215.71531677246094,-21.571531295776367,-21.571531295776367,-21.570873260498047,-21.571531295776367,-21.572189331054688,-183.366455078125
-215.71531677246094,-21.570873260498047,-21.571531295776367,-21.571531295776367,-21.571531295776367,-21.572189331054688,-183.31719970703125
-215.71531677246094,-21.570873260498047,-21.570873260498047,-21.571531295776367,-21.571531295776367,-21.571531295776367,-183.39930725097656
-215.71531677246094,-21.571531295776367,-21.571531295776367,-21.572189331054688,-21.571531295776367,-21.572189331054688,-183.48141479492188
-215.71531677246094,-21.571531295776367,-21.572189331054688,-21.571531295776367,-21.571531295776367,-21.571531295776367,-183.48141479492188
-215.7218780517578,-21.571531295776367,-21.571531295776367,-21.572189331054688,-21.571531295776367,-21.571531295776367,-183.53067016601562
-215.71531677246094,-21.571531295776367,-21.571531295776367,-21.571531295776367,-21.571531295776367,-21.571531295776367,-183.57994079589844
-215.71531677246094,-21.571531295776367,-21.570873260498047,-21.571531295776367,-21.571531295776367,-21.572189331054688,-183.51425170898438
-215.71531677246094,-21.571531295776367,-21.571531295776367,-21.571531295776367,-21.571531295776367,-21.571531295776367,-183.51425170898438
-215.71531677246094,-21.571531295776367,-21.570873260498047,-21.571531295776367,-21.571531295776367,-21.571531295776367,-183.48141479492188
-215.71531677246094,-21.571531295776367,-21.571531295776367,-21.571531295776367,-21.571531295776367,-21.571531295776367,-183.4485626220703
-215.71531677246094,-21.570873260498047,-21.571531295776367,-21.571531295776367,-21.571531295776367,-21.571531295776367,-183.4485626220703
-215.708740234375,-21.571531295776367,-21.571531295776367,-21.571531295776367,-21.571531295776367,-21.571531295776367,-183.39930725097656
-215.71531677246094,-21.571531295776367,-21.571531295776367,-21.571531295776367,-21.571531295776367,-21.572189331054688,-183.3828887939453
-215.71531677246094,-21.571531295776367,-21.571531295776367,-21.571531295776367,-21.571531295776367,-21.571531295776367,-183.31719970703125
-215.71531677246094,-21.571531295776367,-21.571531295776367,-21.571531295776367,-21.571531295776367,-21.572189331054688,-183.31719970703125
-215.71531677246094,-21.571531295776367,-21.571531295776367,-21.571531295776367,-21.571531295776367,-21.572189331054688,-183.3336181640625
-215.71531677246094,-21.571531295776367,-21.570873260498047,-21.571531295776367,-21.571531295776367,-21.572189331054688,-183.35003662109375
-215.71531677246094,-21.571531295776367,-21.571531295776367,-21.571531295776367,-21.571531295776367,-21.572189331054688,-183.3828887939453
-215.71531677246094,-21.571531295776367,-21.571531295776367,-21.571531295776367,-21.571531295776367,-21.572189331054688,-183.4485626220703
-215.71531677246094,-21.571531295776367,-21.572189331054688,-21.571531295776367,-21.571531295776367,-21.571531295776367,-183.46498107910156
-215.71531677246094,-21.571531295776367,-21.571531295776367,-21.571531295776367,-21.571531295776367,-21.572189331054688,-183.49783325195312
-215.71531677246094,-21.571531295776367,-21.571531295776367,-21.571531295776367,-21.571531295776367,-21.572189331054688,-183.49783325195312
-215.71531677246094,-21.571531295776367,-21.572189331054688,-21.571531295776367,-21.571531295776367,-21.571531295776367,-183.51425170898438
-215.71531677246094,-21.571531295776367,-21.572189331054688,-21.571531295776367,-21.571531295776367,-21.572189331054688,-183.53067016601562
-215.71531677246094,-21.572189331054688,-21.571531295776367,-21.571531295776367,-21.571531295776367,-21.571531295776367,-183.51425170898438
-215.71531677246094,-21.570873260498047,-21.572189331054688,-21.571531295776367,-21.571531295776367,-21.571531295776367,-183.48141479492188
-215.71531677246094,-21.571531295776367,-21.571531295776367,-21.571531295776367,-21.571531295776367,-21.572189331054688,-183.4485626220703
-215.71531677246094,-21.571531295776367,-21.571531295776367,-21.572189331054688,-21.571531295776367,-21.572189331054688,-183.39930725097656
-215.71531677246094,-21.571531295776367,-21.571531295776367,-21.571531295776367,-21.571531295776367,-21.571531295776367,-183.3828887939453
-215.71531677246094,-21.571531295776367,-21.572189331054688,-21.571531295776367,-21.570873260498047,-21.571531295776367,-183.366455078125
-215.71531677246094,-21.571531295776367,-21.572189331054688,-21.571531295776367,-21.571531295776367,-21.571531295776367,-183.31719970703125
-215.71531677246094,-21.571531295776367,-21.571531295776367,-21.571531295776367,-21.571531295776367,-21.571531295776367,-183.366455078125
-215.71531677246094,-21.571531295776367,-21.570873260498047,-21.571531295776367,-21.571531295776367,-21.572189331054688,-183.3336181640625
-215.708740234375,-21.572189331054688,-21.571531295776367,-21.571531295776367,-21.571531295776367,-21.571531295776367,-183.35003662109375
-215.71531677246094,-21.571531295776367,-21.571531295776367,-21.571531295776367,-21.571531295776367,-21.571531295776367,-183.3828887939453
-215.71531677246094,-21.571531295776367,-21.571531295776367,-21.571531295776367,-21.571531295776367,-21.571531295776367,-183.4485626220703
-215.71531677246094,-21.571531295776367,-21.571531295776367,-21.571531295776367,-21.570873260498047,-21.571531295776367,-183.49783325195312
-215.71531677246094,-21.571531295776367,-21.572189331054688,-21.571531295776367,-21.571531295776367,-21.572189331054688,-183.54708862304688
-215.71531677246094,-21.571531295776367,-21.572189331054688,-21.571531295776367,-21.572189331054688,-21.571531295776367,-183.51425170898438
-215.71531677246094,-21.571531295776367,-21.571531295776367,-21.572189331054688,-21.572189331054688,-21.571531295776367,-183.51425170898438
-215.7218780517578,-21.571531295776367,-21.571531295776367,-21.571531295776367,-21.571531295776367,-21.571531295776367,-183.53067016601562
-215.71531677246094,-21.571531295776367,-21.571531295776367,-21.571531295776367,-21.571531295776367,-21.571531295776367,-183.51425170898438
-215.71531677246094,-21.571531295776367,-21.572189331054688,-21.571531295776367,-21.571531295776367,-21.572189331054688,-183.4485626220703
-215.71531677246094,-21.571531295776367,-21.571531295776367,-21.571531295776367,-21.571531295776367,-21.572189331054688,-183.4485626220703
-215.71531677246094,-21.571531295776367,-21.571531295776367,-21.571531295776367,-21.571531295776367,-21.571531295776367,-183.366455078125
-215.7218780517578,-21.571531295776367,-21.571531295776367,-21.571531295776367,-21.571531295776367,-21.572189331054688,-183.39930725097656
-215.71531677246094,-21.572189331054688,-21.571531295776367,-21.571531295776367,-21.571531295776367,-21.571531295776367,-183.3828887939453
-215.71531677246094,-21.571531295776367,-21.571531295776367,-21.571531295776367,-21.570873260498047,-21.571531295776367,-183.35003662109375
-215.7218780517578,-21.571531295776367,-21.571531295776367,-21.571531295776367,-21.571531295776367,-21.572189331054688,-183.366455078125
-215.7218780517578,-21.571531295776367,-21.571531295776367,-21.571531295776367,-21.571531295776367,-21.571531295776367,-183.3336181640625
-215.71531677246094,-21.571531295776367,-21.571531295776367,-21.572189331054688,-21.571531295776367,-21.571531295776367,-183.39930725097656
-215.71531677246094,-21.571531295776367,-21.571531295776367,-21.571531295776367,-21.571531295776367,-21.571531295776367,-183.4485626220703
-215.71531677246094,-21.571531295776367,-21.571531295776367,-21.571531295776367,-21.571531295776367,-21.572189331054688,-183.43214416503906
-215.71531677246094,-21.571531295776367,-21.571531295776367,-21.570873260498047,-21.571531295776367,-21.571531295776367,-183.46498107910156
-215.71531677246094,-21.571531295776367,-21.571531295776367,-21.571531295776367,-21.571531295776367,-21.571531295776367,-183.54708862304688
-215.71531677246094,-21.571531295776367,-21.571531295776367,-21.571531295776367,-21.571531295776367,-21.571531295776367,-183.54708862304688
-215.71531677246094,-21.571531295776367,-21.571531295776367,-21.571531295776367,-21.571531295776367,-21.572189331054688,-183.49783325195312
-215.7218780517578,-21.571531295776367,-21.571531295776367,-21.571531295776367,-21.570873260498047,-21.572189331054688,-183.54708862304688
-215.71531677246094,-21.571531295776367,-21.571531295776367,-21.570873260498047,-21.571531295776367,-21.571531295776367,-183.49783325195312
-215.71531677246094,-21.571531295776367,-21.571531295776367,-21.571531295776367,-21.571531295776367,-21.571531295776367,-183.4485626220703
-215.7218780517578,-21.571531295776367,-21.571531295776367,-21.571531295776367,-21.571531295776367,-21.571531295776367,-183.43214416503906
-215.708740234375,-21.571531295776367,-21.571531295776367,-21.571531295776367,-21.571531295776367,-21.571531295776367,-183.4157257080078
-215.71531677246094,-21.571531295776367,-21.571531295776367,-21.571531295776367,-21.571531295776367,-21.572189331054688,-183.39930725097656
-215.71531677246094,-21.571531295776367,-21.571531295776367,-21.571531295776367,-21.571531295776367,-21.571531295776367,-183.3336181640625
-215.71531677246094,-21.571531295776367,-21.572189331054688,-21.571531295776367,-21.570873260498047,-21.571531295776367,-183.3336181640625
-215.71531677246094,-21.572189331054688,-21.572189331054688,-21.572189331054688,-21.571531295776367,-21.571531295776367,-183.35003662109375
-215.71531677246094,-21.571531295776367,-21.571531295776367,-21.571531295776367,-21.572189331054688,-21.571531295776367,-183.35003662109375
-215.71531677246094,-21.571531295776367,-21.571531295776367,-21.571531295776367,-21.571531295776367,-21.571531295776367,-183.3828887939453
-215.71531677246094,-21.571531295776367,-21.571531295776367,-21.571531295776367,-21.572189331054688,-21.571531295776367,-183.4157257080078
-215.7218780517578,-21.572189331054688,-21.571531295776367,-21.571531295776367,-21.571531295776367,-21.571531295776367,-183.4485626220703
-215.708740234375,-21.571531295776367,-21.570873260498047,-21.571531295776367,-21.571531295776367,-21.571531295776367,-183.51425170898438
-215.71531677246094,-21.571531295776367,-21.571531295776367,-21.571531295776367,-21.571531295776367,-21.572189331054688,-183.51425170898438
-215.7218780517578,-21.570873260498047,-21.571531295776367,-21.571531295776367,-21.571531295776367,-21.571531295776367,-183.54708862304688
-215.71531677246094,-21.572189331054688,-21.571531295776367,-21.571531295776367,-21.571531295776367,-21.571531295776367,-183.49783325195312
-215.71531677246094,-21.571531295776367,-21.570873260498047,-21.571531295776367,-21.571531295776367,-21.572189331054688,-183.49783325195312
-215.71531677246094,-21.571531295776367,-21.571531295776367,-21.571531295776367,-21.571531295776367,-21.572189331054688,-183.48141479492188
-215.71531677246094,-21.571531295776367,-21.571531295776367,-21.571531295776367,-21.571531295776367,-21.572189331054688,-183.46498107910156
-215.71531677246094,-21.571531295776367,-21.571531295776367,-21.572189331054688,-21.571531295776367,-21.571531295776367,-183.43214416503906
-215.708740234375,-21.571531295776367,-21.571531295776367,-21.571531295776367,-21.572189331054688,-21.572189331054688,-183.3828887939453
-215.71531677246094,-21.571531295776367,-21.571531295776367,-21.572189331054688,-21.571531295776367,-21.571531295776367,-183.3336181640625
-215.71531677246094,-21.571531295776367,-21.572189331054688,-21.571531295776367,-21.571531295776367,-21.571531295776367,-183.28436279296875
-215.71531677246094,-21.571531295776367,-21.571531295776367,-21.571531295776367,-21.570873260498047,-21.571531295776367,-183.366455078125
-215.71531677246094,-21.571531295776367,-21.572189331054688,-21.571531295776367,-21.571531295776367,-21.571531295776367,-183.3336181640625
-215.71531677246094,-21.571531295776367,-21.571531295776367,-21.571531295776367,-21.571531295776367,-21.572189331054688,-183.39930725097656
-215.71531677246094,-21.571531295776367,-21.572189331054688,-21.570873260498047,-21.571531295776367,-21.571531295776367,-183.43214416503906
-215.71531677246094,-21.571531295776367,-21.571531295776367,-21.570873260498047,-21.571531295776367,-21.571531295776367,-183.4157257080078
-215.71531677246094,-21.571531295776367,-21.571531295776367,-21.571531295776367,-21.571531295776367,-21.571531295776367,-183.4485626220703
-215.71531677246094,-21.571531295776367,-21.571531295776367,-21.571531295776367,-21.571531295776367,-21.571531295776367,-183.53067016601562
-215.71531677246094,-21.571531295776367,-21.571531295776367,-21.571531295776367,-21.571531295776367,-21.572189331054688,-183.49783325195312
-215.71531677246094,-21.572189331054688,-21.571531295776367,-21.571531295776367,-21.571531295776367,-21.572189331054688,-183.49783325195312
-215.71531677246094,-21.571531295776367,-21.571531295776367,-21.571531295776367,-21.572189331054688,-21.572189331054688,-183.54708862304688
-215.708740234375,-21.571531295776367,-21.571531295776367,-21.571531295776367,-21.571531295776367,-21.571531295776367,-183.51425170898438
-215.71531677246094,-21.571531295776367,-21.571531295776367,-21.571531295776367,-21.571531295776367,-21.572189331054688,-183.51425170898438
-215.71531677246094,-21.571531295776367,-21.571531295776367,-21.570873260498047,-21.571531295776367,-21.571531295776367,-183.43214416503906
-215.71531677246094,-21.571531295776367,-21.571531295776367,-21.571531295776367,-21.571531295776367,-21.571531295776367,-183.3828887939453
-215.7218780517578,-21.571531295776367,-21.571531295776367,-21.571531295776367,-21.571531295776367,-21.571531295776367,-183.4157257080078
-215.71531677246094,-21.571531295776367,-21.571531295776367,-21.571531295776367,-21.571531295776367,-21.571531295776367,-183.31719970703125
-215.71531677246094,-21.571531295776367,-21.571531295776367,-21.571531295776367,-21.571531295776367,-21.572189331054688,-183.31719970703125
-215.71531677246094,-21.571531295776367,-21.571531295776367,-21.571531295776367,-21.572189331054688,-21.571531295776367,-183.366455078125
-215.7218780517578,-21.571531295776367,-21.571531295776367,-21.571531295776367,-21.571531295776367,-21.571531295776367,-183.31719970703125
-215.71531677246094,-21.571531295776367,-21.571531295776367,-21.571531295776367,-21.571531295776367,-21.571531295776367,-183.4157257080078
-215.7218780517578,-21.570873260498047,-21.570873260498047,-21.571531295776367,-21.570873260498047,-21.571531295776367,-183.4157257080078
-215.708740234375,-21.571531295776367,-21.571531295776367,-21.571531295776367,-21.571531295776367,-21.571531295776367,-183.43214416503906
-215.71531677246094,-21.571531295776367,-21.571531295776367,-21.571531295776367,-21.571531295776367,-21.571531295776367,-183.48141479492188
-215.71531677246094,-21.571531295776367,-21.571531295776367,-21.571531295776367,-21.571531295776367,-21.571531295776367,-183.49783325195312
-215.71531677246094,-21.571531295776367,-21.571531295776367,-21.571531295776367,-21.571531295776367,-21.571531295776367,-183.51425170898438
-215.71531677246094,-21.571531295776367,-21.572189331054688,-21.571531295776367,-21.571531295776367,-21.571531295776367,-183.49783325195312
-215.71531677246094,-21.571531295776367,-21.571531295776367,-21.572189331054688,-21.571531295776367,-21.571531295776367,-183.49783325195312
-215.71531677246094,-21.571531295776367,-21.571531295776367,-21.571531295776367,-21.571531295776367,-21.571531295776367,-183.53067016601562
-215.71531677246094,-21.571531295776367,-21.571531295776367,-21.571531295776367,-21.571531295776367,-21.571531295776367,-183.4485626220703
-215.71531677246094,-21.571531295776367,-21.571531295776367,-21.571531295776367,-21.571531295776367,-21.572189331054688,-183.43214416503906
-215.71531677246094,-21.570873260498047,-21.571531295776367,-21.571531295776367,-21.571531295776367,-21.572189331054688,-183.39930725097656
-215.71531677246094,-21.571531295776367,-21.571531295776367,-21.571531295776367,-21.571531295776367,-21.571531295776367,-183.35003662109375
-215.71531677246094,-21.572189331054688,-21.571531295776367,-21.572189331054688,-21.571531295776367,-21.571531295776367,-183.3336181640625
-215.71531677246094,-21.571531295776367,-21.571531295776367,-21.571531295776367,-21.570873260498047,-21.572189331054688,-183.3336181640625
-215.708740234375,-21.571531295776367,-21.572189331054688,-21.571531295776367,-21.572189331054688,-21.571531295776367,-183.31719970703125
-215.71531677246094,-21.571531295776367,-21.571531295776367,-21.571531295776367,-21.570873260498047,-21.571531295776367,-183.3336181640625
-215.71531677246094,-21.572189331054688,-21.570873260498047,-21.571531295776367,-21.570873260498047,-21.572189331054688,-183.3828887939453
-215.71531677246094,-21.572189331054688,-21.571531295776367,-21.572189331054688,-21.571531295776367,-21.571531295776367,-183.39930725097656
-215.71531677246094,-21.571531295776367,-21.571531295776367,-21.571531295776367,-21.571531295776367,-21.571531295776367,-183.4485626220703
-215.71531677246094,-21.571531295776367,-21.571531295776367,-21.571531295776367,-21.571531295776367,-21.571531295776367,-183.51425170898438
-215.7218780517578,-21.572189331054688,-21.571531295776367,-21.571531295776367,-21.571531295776367,-21.571531295776367,-183.49783325195312
-215.708740234375,-21.570873260498047,-21.571531295776367,-21.571531295776367,-21.571531295776367,-21.571531295776367,-183.51425170898438
-215.71531677246094,-21.571531295776367,-21.571531295776367,-21.572189331054688,-21.571531295776367,-21.571531295776367,-183.53067016601562
-215.708740234375,-21.571531295776367,-21.571531295776367,-21.572189331054688,-21.571531295776367,-21.572189331054688,-183.51425170898438
-215.71531677246094,-21.571531295776367,-21.571531295776367,-21.571531295776367,-21.571531295776367,-21.571531295776367,-183.51425170898438
-215.71531677246094,-21.571531295776367,-21.570873260498047,-21.571531295776367,-21.571531295776367,-21.572189331054688,-183.48141479492188
-215.71531677246094,-21.571531295776367,-21.571531295776367,-21.570873260498047,-21.571531295776367,-21.571531295776367,-183.39930725097656
-215.71531677246094,-21.571531295776367,-21.571531295776367,-21.571531295776367,-21.571531295776367,-21.571531295776367,-183.43214416503906
-215.71531677246094,-21.571531295776367,-21.571531295776367,-21.571531295776367,-21.571531295776367,-21.572189331054688,-183.366455078125
-215.71531677246094,-21.571531295776367,-21.571531295776367,-21.571531295776367,-21.571531295776367,-21.571531295776367,-183.31719970703125
-215.708740234375,-21.571531295776367,-21.571531295776367,-21.571531295776367,-21.572189331054688,-21.571531295776367,-183.30078125
-215.71531677246094,-21.572189331054688,-21.571531295776367,-21.571531295776367,-21.571531295776367,-21.571531295776367,-183.30078125
-215.71531677246094,-21.571531295776367,-21.571531295776367,-21.570873260498047,-21.571531295776367,-21.571531295776367,-183.39930725097656
-215.708740234375,-21.571531295776367,-21.571531295776367,-21.570873260498047,-21.571531295776367,-21.571531295776367,-183.3828887939453
-215.71531677246094,-21.572189331054688,-21.572189331054688,-21.571531295776367,-21.571531295776367,-21.571531295776367,-183.43214416503906
-215.71531677246094,-21.571531295776367,-21.571531295776367,-21.571531295776367,-21.571531295776367,-21.571531295776367,-183.48141479492188
-215.71531677246094,-21.571531295776367,-21.571531295776367,-21.571531295776367,-21.571531295776367,-21.571531295776367,-183.51425170898438
-215.71531677246094,-21.571531295776367,-21.571531295776367,-21.571531295776367,-21.571531295776367,-21.571531295776367,-183.53067016601562
-215.71531677246094,-21.571531295776367,-21.571531295776367,-21.571531295776367,-21.571531295776367,-21.571531295776367,-183.51425170898438
-215.71531677246094,-21.571531295776367,-21.571531295776367,-21.571531295776367,-21.571531295776367,-21.570873260498047,-183.49783325195312
-215.71531677246094,-21.571531295776367,-21.571531295776367,-21.571531295776367,-21.572189331054688,-21.572189331054688,-183.48141479492188
-215.71531677246094,-21.571531295776367,-21.571531295776367,-21.571531295776367,-21.571531295776367,-21.571531295776367,-183.51425170898438
-215.71531677246094,-21.571531295776367,-21.571531295776367,-21.572189331054688,-21.571531295776367,-21.571531295776367,-183.3828887939453
-215.71531677246094,-21.571531295776367,-21.571531295776367,-21.571531295776367,-21.571531295776367,-21.571531295776367,-183.39930725097656
-215.7218780517578,-21.571531295776367,-21.572189331054688,-21.571531295776367,-21.572189331054688,-21.571531295776367,-183.3828887939453
-215.71531677246094,-21.571531295776367,-21.571531295776367,-21.572189331054688,-21.572189331054688,-21.572189331054688,-183.31719970703125
-215.71531677246094,-21.571531295776367,-21.571531295776367,-21.571531295776367,-21.571531295776367,-21.571531295776367,-183.31719970703125
-215.71531677246094,-21.571531295776367,-21.571531295776367,-21.572189331054688,-21.571531295776367,-21.572189331054688,-183.3336181640625
-215.71531677246094,-21.571531295776367,-21.572189331054688,-21.571531295776367,-21.571531295776367,-21.572189331054688,-183.35003662109375
-215.7218780517578,-21.571531295776367,-21.571531295776367,-21.572189331054688,-21.571531295776367,-21.572189331054688,-183.39930725097656
-215.71531677246094,-21.571531295776367,-21.571531295776367,-21.571531295776367,-21.571531295776367,-21.571531295776367,-183.4157257080078
-215.71531677246094,-21.570873260498047,-21.571531295776367,-21.571531295776367,-21.571531295776367,-21.571531295776367,-183.4485626220703
-215.71531677246094,-21.571531295776367,-21.571531295776367,-21.571531295776367,-21.571531295776367,-21.571531295776367,-183.51425170898438
-215.71531677246094,-21.571531295776367,-21.571531295776367,-21.571531295776367,-21.571531295776367,-21.572189331054688,-183.49783325195312
-215.71531677246094,-21.571531295776367,-21.571531295776367,-21.571531295776367,-21.571531295776367,-21.572189331054688,-183.54708862304688
-215.71531677246094,-21.572189331054688,-21.570873260498047,-21.570873260498047,-21.571531295776367,-21.572189331054688,-183.53067016601562
-215.71531677246094,-21.571531295776367,-21.572189331054688,-21.571531295776367,-21.572189331054688,-21.571531295776367,-183.51425170898438
-215.71531677246094,-21.571531295776367,-21.571531295776367,-21.572189331054688,-21.571531295776367,-21.571531295776367,-183.49783325195312
-215.71531677246094,-21.571531295776367,-21.571531295776367,-21.571531295776367,-21.571531295776367,-21.572189331054688,-183.43214416503906
-215.71531677246094,-21.571531295776367,-21.571531295776367,-21.571531295776367,-21.572189331054688,-21.571531295776367,-183.39930725097656
-215.71531677246094,-21.571531295776367,-21.571531295776367,-21.570873260498047,-21.572189331054688,-21.571531295776367,-183.3828887939453
-215.71531677246094,-21.570873260498047,-21.571531295776367,-21.571531295776367,-21.571531295776367,-21.572189331054688,-183.366455078125
-215.708740234375,-21.571531295776367,-21.571531295776367,-21.571531295776367,-21.571531295776367,-21.571531295776367,-183.35003662109375
-215.71531677246094,-21.571531295776367,-21.571531295776367,-21.571531295776367,-21.571531295776367,-21.572189331054688,-183.31719970703125
-215.71531677246094,-21.571531295776367,-21.571531295776367,-21.571531295776367,-21.572189331054688,-21.571531295776367,-183.3336181640625
-215.71531677246094,-21.571531295776367,-21.571531295776367,-21.570873260498047,-21.571531295776367,-21.571531295776367,-183.3336181640625
-215.71531677246094,-21.571531295776367,-21.571531295776367,-21.571531295776367,-21.571531295776367,-21.572189331054688,-183.39930725097656
-215.71531677246094,-21.571531295776367,-21.571531295776367,-21.571531295776367,-21.572189331054688,-21.572189331054688,-183.4485626220703
-215.71531677246094,-21.570873260498047,-21.571531295776367,-21.571531295776367,-21.571531295776367,-21.571531295776367,-183.4485626220703
-215.71531677246094,-21.571531295776367,-21.571531295776367,-21.571531295776367,-21.571531295776367,-21.571531295776367,-183.46498107910156
-215.71531677246094,-21.571531295776367,-21.571531295776367,-21.571531295776367,-21.571531295776367,-21.571531295776367,-183.49783325195312
-215.71531677246094,-21.571531295776367,-21.571531295776367,-21.571531295776367,-21.571531295776367,-21.572189331054688,-183.51425170898438
-215.71531677246094,-21.572189331054688,-21.571531295776367,-21.570873260498047,-21.571531295776367,-21.572189331054688,-183.49783325195312
-215.71531677246094,-21.572189331054688,-21.571531295776367,-21.571531295776367,-21.571531295776367,-21.571531295776367,-183.48141479492188
-215.71531677246094,-21.571531295776367,-21.572189331054688,-21.571531295776367,-21.571531295776367,-21.572189331054688,-183.48141479492188
-215.7218780517578,-21.571531295776367,-21.571531295776367,-21.571531295776367,-21.571531295776367,-21.572189331054688,-183.4485626220703
-215.71531677246094,-21.571531295776367,-21.571531295776367,-21.570873260498047,-21.571531295776367,-21.571531295776367,-183.43214416503906
-215.71531677246094,-21.571531295776367,-21.570873260498047,-21.571531295776367,-21.571531295776367,-21.571531295776367,-183.3828887939453
-215.71531677246094,-21.572189331054688,-21.571531295776367,-21.571531295776367,-21.572189331054688,-21.572189331054688,-183.35003662109375
-215.71531677246094,-21.571531295776367,-21.571531295776367,-21.571531295776367,-21.571531295776367,-21.572189331054688,-183.31719970703125
-215.71531677246094,-21.571531295776367,-21.571531295776367,-21.571531295776367,-21.571531295776367,-21.572189331054688,-183.31719970703125
-215.71531677246094,-21.571531295776367,-21.572189331054688,-21.571531295776367,-21.571531295776367,-21.572189331054688,-183.366455078125
-215.71531677246094,-21.571531295776367,-21.572189331054688,-21.571531295776367,-21.571531295776367,-21.571531295776367,-183.366455078125
-215.71531677246094,-21.571531295776367,-21.571531295776367,-21.571531295776367,-21.571531295776367,-21.572189331054688,-183.3828887939453
-215.71531677246094,-21.571531295776367,-21.571531295776367,-21.572189331054688,-21.572189331054688,-21.571531295776367,-183.43214416503906
-215.708740234375,-21.571531295776367,-21.571531295776367,-21.571531295776367,-21.571531295776367,-21.571531295776367,-183.46498107910156
-215.71531677246094,-21.571531295776367,-21.571531295776367,-21.571531295776367,-21.572189331054688,-21.571531295776367,-183.54708862304688
-215.71531677246094,-21.571531295776367,-21.571531295776367,-21.572189331054688,-21.571531295776367,-21.571531295776367,-183.53067016601562
-215.71531677246094,-21.571531295776367,-21.571531295776367,-21.571531295776367,-21.571531295776367,-21.572189331054688,-183.56350708007812
-215.71531677246094,-21.571531295776367,-21.572189331054688,-21.572189331054688,-21.571531295776367,-21.571531295776367,-183.53067016601562
-215.708740234375,-21.571531295776367,-21.571531295776367,-21.571531295776367,-21.571531295776367,-21.571531295776367,-183.48141479492188
-215.71531677246094,-21.571531295776367,-21.571531295776367,-21.571531295776367,-21.571531295776367,-21.571531295776367,-183.46498107910156
-215.71531677246094,-21.572189331054688,-21.571531295776367,-21.571531295776367,-21.571531295776367,-21.572189331054688,-183.48141479492188
-215.71531677246094,-21.571531295776367,-21.572189331054688,-21.571531295776367,-21.572189331054688,-21.570873260498047,-183.4157257080078
-215.71531677246094,-21.571531295776367,-21.571531295776367,-21.571531295776367,-21.570873260498047,-21.571531295776367,-183.39930725097656
-215.71531677246094,-21.571531295776367,-21.571531295776367,-21.571531295776367,-21.572189331054688,-21.571531295776367,-183.3336181640625
-215.71531677246094,-21.571531295776367,-21.571531295776367,-21.571531295776367,-21.570873260498047,-21.571531295776367,-183.31719970703125
-215.71531677246094,-21.571531295776367,-21.571531295776367,-21.571531295776367,-21.571531295776367,-21.571531295776367,-183.3336181640625
-215.71531677246094,-21.571531295776367,-21.571531295776367,-21.571531295776367,-21.571531295776367,-21.571531295776367,-183.35003662109375
-215.71531677246094,-21.571531295776367,-21.571531295776367,-21.571531295776367,-21.571531295776367,-21.571531295776367,-183.3828887939453
-215.71531677246094,-21.571531295776367,-21.571531295776367,-21.571531295776367,-21.571531295776367,-21.572189331054688,-183.39930725097656
-215.71531677246094,-21.571531295776367,-21.571531295776367,-21.571531295776367,-21.571531295776367,-21.571531295776367,-183.4485626220703
-215.71531677246094,-21.571531295776367,-21.571531295776367,-21.571531295776367,-21.571531295776367,-21.572189331054688,-183.48141479492188
-215.71531677246094,-21.571531295776367,-21.571531295776367,-21.572189331054688,-21.571531295776367,-21.570873260498047,-183.49783325195312
-215.71531677246094,-21.571531295776367,-21.571531295776367,-21.571531295776367,-21.572189331054688,-21.571531295776367,-183.53067016601562
-215.71531677246094,-21.571531295776367,-21.571531295776367,-21.571531295776367,-21.571531295776367,-21.571531295776367,-183.53067016601562
-215.71531677246094,-21.571531295776367,-21.572189331054688,-21.570873260498047,-21.571531295776367,-21.571531295776367,-183.49783325195312
-215.71531677246094,-21.571531295776367,-21.571531295776367,-21.571531295776367,-21.571531295776367,-21.571531295776367,-183.53067016601562
-215.71531677246094,-21.571531295776367,-21.571531295776367,-21.571531295776367,-21.571531295776367,-21.571531295776367,-183.48141479492188
-215.71531677246094,-21.571531295776367,-21.571531295776367,-21.572189331054688,-21.571531295776367,-21.571531295776367,-183.4157257080078
-215.708740234375,-21.571531295776367,-21.571531295776367,-21.571531295776367,-21.572189331054688,-21.571531295776367,-183.4157257080078
-215.71531677246094,-21.571531295776367,-21.571531295776367,-21.571531295776367,-21.571531295776367,-21.571531295776367,-183.366455078125
-215.71531677246094,-21.571531295776367,-21.571531295776367,-21.571531295776367,-21.571531295776367,-21.572189331054688,-183.28436279296875
-215.71531677246094,-21.572189331054688,-21.571531295776367,-21.571531295776367,-21.571531295776367,-21.571531295776367,-183.35003662109375
-215.71531677246094,-21.571531295776367,-21.571531295776367,-21.572189331054688,-21.571531295776367,-21.571531295776367,-183.30078125
-215.71531677246094,-21.571531295776367,-21.571531295776367,-21.571531295776367,-21.571531295776367,-21.571531295776367,-183.3336181640625
-215.71531677246094,-21.571531295776367,-21.572189331054688,-21.571531295776367,-21.571531295776367,-21.572189331054688,-183.3828887939453
-215.708740234375,-21.571531295776367,-21.571531295776367,-21.571531295776367,-21.571531295776367,-21.572189331054688,-183.43214416503906
-215.71531677246094,-21.571531295776367,-21.571531295776367,-21.571531295776367,-21.571531295776367,-21.571531295776367,-183.48141479492188
-215.71531677246094,-21.571531295776367,-21.571531295776367,-21.571531295776367,-21.571531295776367,-21.571531295776367,-183.49783325195312
-215.71531677246094,-21.571531295776367,-21.571531295776367,-21.571531295776367,-21.571531295776367,-21.571531295776367,-183.48141479492188
-215.71531677246094,-21.571531295776367,-21.571531295776367,-21.571531295776367,-21.571531295776367,-21.571531295776367,-183.54708862304688
-215.71531677246094,-21.571531295776367,-21.571531295776367,-21.571531295776367,-21.571531295776367,-21.571531295776367,-183.49783325195312
-215.71531677246094,-21.571531295776367,-21.571531295776367,-21.571531295776367,-21.571531295776367,-21.571531295776367,-183.49783325195312
-215.71531677246094,-21.571531295776367,-21.571531295776367,-21.571531295776367,-21.571531295776367,-21.571531295776367,-183.49783325195312
-215.71531677246094,-21.571531295776367,-21.571531295776367,-21.570873260498047,-21.571531295776367,-21.572189331054688,-183.43214416503906
-215.71531677246094,-21.571531295776367,-21.571531295776367,-21.571531295776367,-21.571531295776367,-21.571531295776367,-183.4157257080078
-215.71531677246094,-21.571531295776367,-21.571531295776367,-21.571531295776367,-21.571531295776367,-21.572189331054688,-183.39930725097656
-215.71531677246094,-21.571531295776367,-21.571531295776367,-21.571531295776367,-21.570873260498047,-21.572189331054688,-183.3336181640625
-215.71531677246094,-21.571531295776367,-21.571531295776367,-21.571531295776367,-21.571531295776367,-21.572189331054688,-183.35003662109375
-215.71531677246094,-21.571531295776367,-21.570873260498047,-21.571531295776367,-21.570873260498047,-21.571531295776367,-183.31719970703125
-215.71531677246094,-21.571531295776367,-21.571531295776367,-21.571531295776367,-21.572189331054688,-21.571531295776367,-183.366455078125
-215.71531677246094,-21.571531295776367,-21.571531295776367,-21.571531295776367,-21.571531295776367,-21.571531295776367,-183.366455078125
-215.71531677246094,-21.571531295776367,-21.571531295776367,-21.571531295776367,-21.571531295776367,-21.571531295776367,-183.35003662109375
-215.71531677246094,-21.571531295776367,-21.571531295776367,-21.572189331054688,-21.571531295776367,-21.571531295776367,-183.4485626220703
-215.71531677246094,-21.571531295776367,-21.571531295776367,-21.571531295776367,-21.571531295776367,-21.571531295776367,-183.48141479492188
-215.71531677246094,-21.571531295776367,-21.571531295776367,-21.571531295776367,-21.571531295776367,-21.571531295776367,-183.49783325195312
-215.71531677246094,-21.571531295776367,-21.571531295776367,-21.571531295776367,-21.571531295776367,-21.571531295776367,-183.53067016601562
-215.71531677246094,-21.571531295776367,-21.572189331054688,-21.571531295776367,-21.571531295776367,-21.571531295776367,-183.51425170898438
-215.71531677246094,-21.571531295776367,-21.572189331054688,-21.571531295776367,-21.571531295776367,-21.572189331054688,-183.49783325195312
-215.71531677246094,-21.571531295776367,-21.572189331054688,-21.571531295776367,-21.572189331054688,-21.571531295776367,-183.49783325195312
-215.71531677246094,-21.571531295776367,-21.571531295776367,-21.571531295776367,-21.571531295776367,-21.571531295776367,-183.48141479492188
-215.71531677246094,-21.571531295776367,-21.571531295776367,-21.571531295776367,-21.571531295776367,-21.571531295776367,-183.48141479492188
-215.71531677246094,-21.571531295776367,-21.571531295776367,-21.570873260498047,-21.571531295776367,-21.571531295776367,-183.43214416503906
-215.71531677246094,-21.571531295776367,-21.571531295776367,-21.572189331054688,-21.571531295776367,-21.572189331054688,-183.3828887939453
-215.71531677246094,-21.571531295776367,-21.571531295776367,-21.571531295776367,-21.571531295776367,-21.571531295776367,-183.35003662109375
-215.71531677246094,-21.571531295776367,-21.570873260498047,-21.572189331054688,-21.571531295776367,-21.571531295776367,-183.31719970703125
-215.708740234375,-21.571531295776367,-21.571531295776367,-21.571531295776367,-21.571531295776367,-21.572189331054688,-183.35003662109375
-215.71531677246094,-21.571531295776367,-21.571531295776367,-21.571531295776367,-21.571531295776367,-21.571531295776367,-183.366455078125
-215.71531677246094,-21.571531295776367,-21.571531295776367,-21.571531295776367,-21.571531295776367,-21.571531295776367,-183.35003662109375
-215.71531677246094,-21.571531295776367,-21.571531295776367,-21.571531295776367,-21.571531295776367,-21.571531295776367,-183.4157257080078
-215.71531677246094,-21.571531295776367,-21.571531295776367,-21.570873260498047,-21.570873260498047,-21.571531295776367,-183.4157257080078
-215.71531677246094,-21.572189331054688,-21.571531295776367,-21.571531295776367,-21.571531295776367,-21.571531295776367,-183.48141479492188
-215.71531677246094,-21.571531295776367,-21.571531295776367,-21.571531295776367,-21.571531295776367,-21.571531295776367,-183.49783325195312
-215.7218780517578,-21.571531295776367,-21.571531295776367,-21.571531295776367,-21.571531295776367,-21.572189331054688,-183.54708862304688
-215.71531677246094,-21.571531295776367,-21.571531295776367,-21.571531295776367,-21.572189331054688,-21.571531295776367,-183.53067016601562
-215.71531677246094,-21.571531295776367,-21.571531295776367,-21.571531295776367,-21.571531295776367,-21.572189331054688,-183.49783325195312
-215.71531677246094,-21.571531295776367,-21.571531295776367,-21.571531295776367,-21.571531295776367,-21.572189331054688,-183.49783325195312
-215.71531677246094,-21.571531295776367,-21.571531295776367,-21.571531295776367,-21.571531295776367,-21.572189331054688,-183.46498107910156
-215.71531677246094,-21.571531295776367,-21.571531295776367,-21.572189331054688,-21.571531295776367,-21.571531295776367,-183.39930725097656
-215.708740234375,-21.571531295776367,-21.571531295776367,-21.570873260498047,-21.571531295776367,-21.571531295776367,-183.3828887939453
-215.71531677246094,-21.571531295776367,-21.571531295776367,-21.571531295776367,-21.571531295776367,-21.571531295776367,-183.3336181640625
-215.71531677246094,-21.571531295776367,-21.571531295776367,-21.570873260498047,-21.572189331054688,-21.572189331054688,-183.3336181640625
-215.71531677246094,-21.571531295776367,-21.572189331054688,-21.571531295776367,-21.571531295776367,-21.572189331054688,-183.31719970703125
-215.71531677246094,-21.571531295776367,-21.570873260498047,-21.572189331054688,-21.571531295776367,-21.571531295776367,-183.366455078125
-215.71531677246094,-21.571531295776367,-21.571531295776367,-21.571531295776367,-21.571531295776367,-21.571531295776367,-183.35003662109375
-215.71531677246094,-21.571531295776367,-21.571531295776367,-21.571531295776367,-21.571531295776367,-21.572189331054688,-183.3828887939453
-215.71531677246094,-21.571531295776367,-21.571531295776367,-21.571531295776367,-21.571531295776367,-21.570873260498047,-183.4157257080078
-215.71531677246094,-21.571531295776367,-21.571531295776367,-21.571531295776367,-21.571531295776367,-21.571531295776367,-183.43214416503906
-215.71531677246094,-21.571531295776367,-21.571531295776367,-21.571531295776367,-21.572189331054688,-21.571531295776367,-183.51425170898438
-215.71531677246094,-21.571531295776367,-21.571531295776367,-21.571531295776367,-21.571531295776367,-21.571531295776367,-183.51425170898438
-215.71531677246094,-21.571531295776367,-21.571531295776367,-21.571531295776367,-21.571531295776367,-21.571531295776367,-183.53067016601562
-215.71531677246094,-21.571531295776367,-21.571531295776367,-21.571531295776367,-21.572189331054688,-21.572189331054688,-183.54708862304688
-215.71531677246094,-21.571531295776367,-21.571531295776367,-21.571531295776367,-21.571531295776367,-21.571531295776367,-183.46498107910156
-215.71531677246094,-21.571531295776367,-21.571531295776367,-21.572189331054688,-21.572189331054688,-21.571531295776367,-183.48141479492188
-215.7218780517578,-21.571531295776367,-21.571531295776367,-21.572189331054688,-21.571531295776367,-21.571531295776367,-183.4485626220703
-215.7218780517578,-21.570873260498047,-21.571531295776367,-21.571531295776367,-21.571531295776367,-21.571531295776367,-183.39930725097656
-215.71531677246094,-21.571531295776367,-21.571531295776367,-21.571531295776367,-21.571531295776367,-21.570873260498047,-183.366455078125
-215.71531677246094,-21.571531295776367,-21.571531295776367,-21.571531295776367,-21.571531295776367,-21.571531295776367,-183.35003662109375
-215.71531677246094,-21.571531295776367,-21.570873260498047,-21.571531295776367,-21.571531295776367,-21.571531295776367,-183.3336181640625
-215.71531677246094,-21.571531295776367,-21.571531295776367,-21.571531295776367,-21.571531295776367,-21.572189331054688,-183.31719970703125
-215.71531677246094,-21.571531295776367,-21.571531295776367,-21.572189331054688,-21.571531295776367,-21.571531295776367,-183.366455078125
-215.71531677246094,-21.571531295776367,-21.571531295776367,-21.571531295776367,-21.571531295776367,-21.571531295776367,-183.3828887939453
-215.71531677246094,-21.571531295776367,-21.571531295776367,-21.571531295776367,-21.570873260498047,-21.571531295776367,-183.39930725097656
-215.71531677246094,-21.570873260498047,-21.571531295776367,-21.571531295776367,-21.571531295776367,-21.572189331054688,-183.43214416503906
-215.71531677246094,-21.572189331054688,-21.571531295776367,-21.571531295776367,-21.571531295776367,-21.572189331054688,-183.49783325195312
-215.71531677246094,-21.571531295776367,-21.571531295776367,-21.571531295776367,-21.571531295776367,-21.572189331054688,-183.53067016601562
-215.71531677246094,-21.571531295776367,-21.572189331054688,-21.571531295776367,-21.571531295776367,-21.571531295776367,-183.53067016601562
-215.71531677246094,-21.571531295776367,-21.571531295776367,-21.571531295776367,-21.571531295776367,-21.571531295776367,-183.56350708007812
-215.71531677246094,-21.571531295776367,-21.571531295776367,-21.571531295776367,-21.571531295776367,-21.571531295776367,-183.53067016601562
-215.71531677246094,-21.571531295776367,-21.571531295776367,-21.571531295776367,-21.571531295776367,-21.572189331054688,-183.53067016601562
-215.71531677246094,-21.571531295776367,-21.571531295776367,-21.571531295776367,-21.571531295776367,-21.571531295776367,-183.4485626220703
-215.71531677246094,-21.571531295776367,-21.571531295776367,-21.571531295776367,-21.571531295776367,-21.572189331054688,-183.4485626220703
-215.7218780517578,-21.570873260498047,-21.571531295776367,-21.571531295776367,-21.571531295776367,-21.572189331054688,-183.4157257080078
-215.71531677246094,-21.571531295776367,-21.572189331054688,-21.571531295776367,-21.571531295776367,-21.572189331054688,-183.3828887939453
-215.71531677246094,-21.571531295776367,-21.571531295776367,-21.570873260498047,-21.571531295776367,-21.572189331054688,-183.35003662109375
-215.71531677246094,-21.572189331054688,-21.571531295776367,-21.571531295776367,-21.571531295776367,-21.571531295776367,-183.35003662109375
-215.71531677246094,-21.571531295776367,-21.571531295776367,-21.571531295776367,-21.571531295776367,-21.572189331054688,-183.31719970703125
-215.71531677246094,-21.571531295776367,-21.571531295776367,-21.571531295776367,-21.571531295776367,-21.571531295776367,-183.35003662109375
-215.71531677246094,-21.571531295776367,-21.571531295776367,-21.571531295776367,-21.571531295776367,-21.571531295776367,-183.3828887939453
-215.708740234375,-21.571531295776367,-21.571531295776367,-21.570873260498047,-21.571531295776367,-21.571531295776367,-183.43214416503906
-215.71531677246094,-21.571531295776367,-21.571531295776367,-21.571531295776367,-21.571531295776367,-21.571531295776367,-183.43214416503906
-215.71531677246094,-21.571531295776367,-21.571531295776367,-21.570873260498047,-21.571531295776367,-21.572189331054688,-183.49783325195312
-215.71531677246094,-21.571531295776367,-21.571531295776367,-21.570873260498047,-21.571531295776367,-21.571531295776367,-183.48141479492188
-215.71531677246094,-21.572189331054688,-21.571531295776367,-21.571531295776367,-21.571531295776367,-21.572189331054688,-183.54708862304688
-215.708740234375,-21.570873260498047,-21.572189331054688,-21.571531295776367,-21.571531295776367,-21.572189331054688,-183.48141479492188
-215.71531677246094,-21.571531295776367,-21.571531295776367,-21.571531295776367,-21.570873260498047,-21.571531295776367,-183.53067016601562
-215.71531677246094,-21.571531295776367,-21.571531295776367,-21.571531295776367,-21.571531295776367,-21.571531295776367,-183.49783325195312
-215.71531677246094,-21.571531295776367,-21.571531295776367,-21.572189331054688,-21.571531295776367,-21.571531295776367,-183.48141479492188
-215.71531677246094,-21.571531295776367,-21.571531295776367,-21.571531295776367,-21.571531295776367,-21.571531295776367,-183.4485626220703
-215.71531677246094,-21.571531295776367,-21.571531295776367,-21.571531295776367,-21.571531295776367,-21.571531295776367,-183.3828887939453
-215.708740234375,-21.571531295776367,-21.571531295776367,-21.570873260498047,-21.570873260498047,-21.571531295776367,-183.35003662109375
-215.71531677246094,-21.571531295776367,-21.571531295776367,-21.571531295776367,-21.571531295776367,-21.571531295776367,-183.3336181640625
-215.71531677246094,-21.571531295776367,-21.571531295776367,-21.572189331054688,-21.571531295776367,-21.571531295776367,-183.28436279296875
-215.7218780517578,-21.571531295776367,-21.571531295776367,-21.571531295776367,-21.571531295776367,-21.571531295776367,-183.31719970703125
-215.71531677246094,-21.571531295776367,-21.571531295776367,-21.571531295776367,-21.571531295776367,-21.571531295776367,-183.31719970703125
-215.708740234375,-21.571531295776367,-21.571531295776367,-21.571531295776367,-21.571531295776367,-21.571531295776367,-183.3336181640625
-215.71531677246094,-21.571531295776367,-21.571531295776367,-21.571531295776367,-21.571531295776367,-21.572189331054688,-183.39930725097656
-215.71531677246094,-21.571531295776367,-21.571531295776367,-21.572189331054688,-21.571531295776367,-21.571531295776367,-183.4485626220703
-215.71531677246094,-21.571531295776367,-21.571531295776367,-21.571531295776367,-21.571531295776367,-21.571531295776367,-183.49783325195312
-215.71531677246094,-21.571531295776367,-21.571531295776367,-21.571531295776367,-21.571531295776367,-21.572189331054688,-183.54708862304688
-215.71531677246094,-21.572189331054688,-21.571531295776367,-21.570873260498047,-21.571531295776367,-21.571531295776367,-183.53067016601562
-215.71531677246094,-21.571531295776367,-21.571531295776367,-21.572189331054688,-21.571531295776367,-21.572189331054688,-183.54708862304688
-215.71531677246094,-21.571531295776367,-21.571531295776367,-21.571531295776367,-21.571531295776367,-21.571531295776367,-183.53067016601562
-215.71531677246094,-21.570873260498047,-21.571531295776367,-21.571531295776367,-21.571531295776367,-21.571531295776367,-183.51425170898438
-215.7218780517578,-21.571531295776367,-21.572189331054688,-21.571531295776367,-21.572189331054688,-21.572189331054688,-183.48141479492188
-215.71531677246094,-21.571531295776367,-21.571531295776367,-21.571531295776367,-21.571531295776367,-21.572189331054688,-183.4157257080078
-215.71531677246094,-21.571531295776367,-21.570873260498047,-21.571531295776367,-21.572189331054688,-21.571531295776367,-183.3828887939453
-215.71531677246094,-21.571531295776367,-21.572189331054688,-21.571531295776367,-21.571531295776367,-21.571531295776367,-183.366455078125
-215.71531677246094,-21.571531295776367,-21.571531295776367,-21.571531295776367,-21.571531295776367,-21.571531295776367,-183.31719970703125
-215.71531677246094,-21.571531295776367,-21.571531295776367,-21.571531295776367,-21.571531295776367,-21.571531295776367,-183.3336181640625
-215.71531677246094,-21.571531295776367,-21.571531295776367,-21.571531295776367,-21.572189331054688,-21.571531295776367,-183.3828887939453
-215.708740234375,-21.572189331054688,-21.572189331054688,-21.571531295776367,-21.571531295776367,-21.571531295776367,-183.366455078125
-215.71531677246094,-21.571531295776367,-21.571531295776367,-21.571531295776367,-21.571531295776367,-21.571531295776367,-183.366455078125
-215.71531677246094,-21.571531295776367,-21.571531295776367,-21.571531295776367,-21.571531295776367,-21.571531295776367,-183.4485626220703
-215.71531677246094,-21.571531295776367,-21.571531295776367,-21.571531295776367,-21.571531295776367,-21.572189331054688,-183.46498107910156
-215.71531677246094,-21.571531295776367,-21.571531295776367,-21.571531295776367,-21.571531295776367,-21.571531295776367,-183.54708862304688
-215.7218780517578,-21.571531295776367,-21.571531295776367,-21.572189331054688,-21.571531295776367,-21.571531295776367,-183.49783325195312
-215.71531677246094,-21.571531295776367,-21.571531295776367,-21.571531295776367,-21.571531295776367,-21.571531295776367,-183.51425170898438
-215.71531677246094,-21.571531295776367,-21.571531295776367,-21.571531295776367,-21.571531295776367,-21.571531295776367,-183.51425170898438
-215.71531677246094,-21.571531295776367,-21.571531295776367,-21.571531295776367,-21.571531295776367,-21.572189331054688,-183.53067016601562
-215.708740234375,-21.571531295776367,-21.571531295776367,-21.571531295776367,-21.571531295776367,-21.571531295776367,-183.49783325195312
-215.71531677246094,-21.571531295776367,-21.571531295776367,-21.571531295776367,-21.572189331054688,-21.571531295776367,-183.43214416503906
-215.71531677246094,-21.571531295776367,-21.572189331054688,-21.571531295776367,-21.571531295776367,-21.571531295776367,-183.4157257080078
-215.71531677246094,-21.570873260498047,-21.571531295776367,-21.571531295776367,-21.571531295776367,-21.572189331054688,-183.3828887939453
-215.71531677246094,-21.571531295776367,-21.571531295776367,-21.571531295776367,-21.571531295776367,-21.572189331054688,-183.31719970703125
-215.71531677246094,-21.571531295776367,-21.572189331054688,-21.572189331054688,-21.571531295776367,-21.571531295776367,-183.31719970703125
-215.71531677246094,-21.571531295776367,-21.571531295776367,-21.571531295776367,-21.572189331054688,-21.571531295776367,-183.3336181640625
-215.71531677246094,-21.570873260498047,-21.571531295776367,-21.571531295776367,-21.572189331054688,-21.572189331054688,-183.35003662109375
-215.71531677246094,-21.571531295776367,-21.570873260498047,-21.571531295776367,-21.571531295776367,-21.572189331054688,-183.3828887939453
-215.708740234375,-21.571531295776367,-21.571531295776367,-21.571531295776367,-21.571531295776367,-21.571531295776367,-183.39930725097656
-215.71531677246094,-21.571531295776367,-21.572189331054688,-21.571531295776367,-21.571531295776367,-21.571531295776367,-183.4157257080078
-215.71531677246094,-21.572189331054688,-21.571531295776367,-21.571531295776367,-21.571531295776367,-21.571531295776367,-183.49783325195312
-215.71531677246094,-21.571531295776367,-21.571531295776367,-21.571531295776367,-21.571531295776367,-21.571531295776367,-183.53067016601562
-215.71531677246094,-21.571531295776367,-21.571531295776367,-21.571531295776367,-21.572189331054688,-21.572189331054688,-183.53067016601562
-215.7218780517578,-21.571531295776367,-21.571531295776367,-21.571531295776367,-21.571531295776367,-21.571531295776367,-183.51425170898438
-215.71531677246094,-21.571531295776367,-21.571531295776367,-21.571531295776367,-21.571531295776367,-21.571531295776367,-183.51425170898438
-215.71531677246094,-21.571531295776367,-21.571531295776367,-21.571531295776367,-21.571531295776367,-21.571531295776367,-183.51425170898438
-215.71531677246094,-21.572189331054688,-21.572189331054688,-21.571531295776367,-21.571531295776367,-21.571531295776367,-183.4157257080078
-215.71531677246094,-21.571531295776367,-21.571531295776367,-21.571531295776367,-21.571531295776367,-21.571531295776367,-183.43214416503906
-215.7218780517578,-21.571531295776367,-21.571531295776367,-21.571531295776367,-21.571531295776367,-21.572189331054688,-183.4157257080078
-215.71531677246094,-21.571531295776367,-21.571531295776367,-21.571531295776367,-21.571531295776367,-21.571531295776367,-183.35003662109375
-215.71531677246094,-21.572189331054688,-21.571531295776367,-21.571531295776367,-21.572189331054688,-21.572189331054688,-183.35003662109375
-215.71531677246094,-21.571531295776367,-21.571531295776367,-21.571531295776367,-21.571531295776367,-21.572189331054688,-183.35003662109375
-215.71531677246094,-21.571531295776367,-21.571531295776367,-21.571531295776367,-21.571531295776367,-21.571531295776367,-183.31719970703125
-215.7218780517578,-21.571531295776367,-21.571531295776367,-21.571531295776367,-21.571531295776367,-21.572189331054688,-183.366455078125
-215.71531677246094,-21.571531295776367,-21.571531295776367,-21.571531295776367,-21.571531295776367,-21.571531295776367,-183.35003662109375
-215.71531677246094,-21.571531295776367,-21.571531295776367,-21.571531295776367,-21.570873260498047,-21.572189331054688,-183.4157257080078
-215.71531677246094,-21.571531295776367,-21.571531295776367,-21.571531295776367,-21.571531295776367,-21.571531295776367,-183.4485626220703
-215.7218780517578,-21.571531295776367,-21.571531295776367,-21.572189331054688,-21.571531295776367,-21.571531295776367,-183.4485626220703
-215.7218780517578,-21.571531295776367,-21.572189331054688,-21.571531295776367,-21.571531295776367,-21.571531295776367,-183.51425170898438
-215.71531677246094,-21.571531295776367,-21.571531295776367,-21.571531295776367,-21.571531295776367,-21.571531295776367,-183.53067016601562
-215.71531677246094,-21.571531295776367,-21.572189331054688,-21.571531295776367,-21.571531295776367,-21.572189331054688,-183.53067016601562
-215.71531677246094,-21.571531295776367,-21.571531295776367,-21.570873260498047,-21.571531295776367,-21.571531295776367,-183.51425170898438
-215.71531677246094,-21.571531295776367,-21.571531295776367,-21.571531295776367,-21.571531295776367,-21.572189331054688,-183.51425170898438
-215.71531677246094,-21.571531295776367,-21.571531295776367,-21.571531295776367,-21.571531295776367,-21.571531295776367,-183.43214416503906
-215.71531677246094,-21.571531295776367,-21.571531295776367,-21.571531295776367,-21.571531295776367,-21.571531295776367,-183.4485626220703
-215.71531677246094,-21.571531295776367,-21.571531295776367,-21.571531295776367,-21.571531295776367,-21.572189331054688,-183.43214416503906
-215.71531677246094,-21.571531295776367,-21.571531295776367,-21.570873260498047,-21.571531295776367,-21.571531295776367,-183.3336181640625
-215.71531677246094,-21.571531295776367,-21.571531295776367,-21.571531295776367,-21.572189331054688,-21.571531295776367,-183.35003662109375
-215.71531677246094,-21.570873260498047,-21.570873260498047,-21.571531295776367,-21.571531295776367,-21.571531295776367,-183.31719970703125
-215.71531677246094,-21.571531295776367,-21.571531295776367,-21.571531295776367,-21.571531295776367,-21.571531295776367,-183.35003662109375
-215.71531677246094,-21.571531295776367,-21.571531295776367,-21.570873260498047,-21.571531295776367,-21.571531295776367,-183.366455078125
-215.71531677246094,-21.571531295776367,-21.571531295776367,-21.571531295776367,-21.571531295776367,-21.571531295776367,-183.3828887939453
-215.71531677246094,-21.571531295776367,-21.571531295776367,-21.571531295776367,-21.571531295776367,-21.571531295776367,-183.43214416503906
-215.71531677246094,-21.571531295776367,-21.571531295776367,-21.572189331054688,-21.571531295776367,-21.571531295776367,-183.46498107910156
-215.71531677246094,-21.571531295776367,-21.571531295776367,-21.571531295776367,-21.571531295776367,-21.571531295776367,-183.48141479492188
-215.71531677246094,-21.571531295776367,-21.571531295776367,-21.571531295776367,-21.571531295776367,-21.571531295776367,-183.49783325195312
-215.71531677246094,-21.571531295776367,-21.571531295776367,-21.571531295776367,-21.571531295776367,-21.572189331054688,-183.53067016601562
-215.71531677246094,-21.571531295776367,-21.571531295776367,-21.571531295776367,-21.571531295776367,-21.571531295776367,-183.51425170898438
-215.71531677246094,-21.572189331054688,-21.571531295776367,-21.571531295776367,-21.571531295776367,-21.571531295776367,-183.51425170898438
-215.708740234375,-21.571531295776367,-21.571531295776367,-21.571531295776367,-21.571531295776367,-21.571531295776367,-183.54708862304688
-215.71531677246094,-21.571531295776367,-21.571531295776367,-21.571531295776367,-21.571531295776367,-21.572189331054688,-183.43214416503906
-215.708740234375,-21.571531295776367,-21.571531295776367,-21.571531295776367,-21.571531295776367,-21.571531295776367,-183.4157257080078
-215.71531677246094,-21.571531295776367,-21.571531295776367,-21.571531295776367,-21.571531295776367,-21.572189331054688,-183.366455078125
-215.71531677246094,-21.570873260498047,-21.571531295776367,-21.571531295776367,-21.571531295776367,-21.572189331054688,-183.35003662109375
-215.71531677246094,-21.571531295776367,-21.571531295776367,-21.571531295776367,-21.571531295776367,-21.572189331054688,-183.31719970703125
-215.71531677246094,-21.571531295776367,-21.572189331054688,-21.571531295776367,-21.571531295776367,-21.571531295776367,-183.366455078125
-215.71531677246094,-21.571531295776367,-21.571531295776367,-21.571531295776367,-21.571531295776367,-21.571531295776367,-183.366455078125
-215.71531677246094,-21.571531295776367,-21.571531295776367,-21.571531295776367,-21.571531295776367,-21.572189331054688,-183.35003662109375
-215.71531677246094,-21.571531295776367,-21.571531295776367,-21.571531295776367,-21.571531295776367,-21.571531295776367,-183.4485626220703
-215.71531677246094,-21.570873260498047,-21.571531295776367,-21.571531295776367,-21.572189331054688,-21.571531295776367,-183.4485626220703
-215.71531677246094,-21.571531295776367,-21.571531295776367,-21.571531295776367,-21.571531295776367,-21.571531295776367,-183.46498107910156
-215.71531677246094,-21.572189331054688,-21.571531295776367,-21.571531295776367,-21.571531295776367,-21.571531295776367,-183.53067016601562
-215.71531677246094,-21.571531295776367,-21.571531295776367,-21.572189331054688,-21.571531295776367,-21.572189331054688,-183.51425170898438
-215.7218780517578,-21.571531295776367,-21.571531295776367,-21.571531295776367,-21.571531295776367,-21.571531295776367,-183.53067016601562
-215.71531677246094,-21.571531295776367,-21.572189331054688,-21.571531295776367,-21.571531295776367,-21.571531295776367,-183.54708862304688
-215.71531677246094,-21.571531295776367,-21.571531295776367,-21.571531295776367,-21.571531295776367,-21.572189331054688,-183.53067016601562
-215.708740234375,-21.571531295776367,-21.571531295776367,-21.571531295776367,-21.571531295776367,-21.570873260498047,-183.48141479492188
-215.71531677246094,-21.571531295776367,-21.571531295776367,-21.571531295776367,-21.571531295776367,-21.571531295776367,-183.4485626220703
-215.71531677246094,-21.571531295776367,-21.571531295776367,-21.571531295776367,-21.571531295776367,-21.571531295776367,-183.3828887939453
-215.71531677246094,-21.571531295776367,-21.571531295776367,-21.571531295776367,-21.571531295776367,-21.571531295776367,-183.366455078125
-215.71531677246094,-21.571531295776367,-21.571531295776367,-21.571531295776367,-21.571531295776367,-21.571531295776367,-183.35003662109375
-215.71531677246094,-21.571531295776367,-21.571531295776367,-21.571531295776367,-21.571531295776367,-21.571531295776367,-183.35003662109375
-215.71531677246094,-21.571531295776367,-21.571531295776367,-21.571531295776367,-21.571531295776367,-21.571531295776367,-183.3336181640625
-215.71531677246094,-21.571531295776367,-21.571531295776367,-21.571531295776367,-21.571531295776367,-21.572189331054688,-183.35003662109375
-215.71531677246094,-21.571531295776367,-21.571531295776367,-21.571531295776367,-21.571531295776367,-21.571531295776367,-183.39930725097656
-215.71531677246094,-21.571531295776367,-21.571531295776367,-21.571531295776367,-21.571531295776367,-21.571531295776367,-183.43214416503906
-215.71531677246094,-21.571531295776367,-21.571531295776367,-21.571531295776367,-21.571531295776367,-21.572189331054688,-183.4485626220703
-215.71531677246094,-21.571531295776367,-21.571531295776367,-21.571531295776367,-21.571531295776367,-21.571531295776367,-183.48141479492188
-215.71531677246094,-21.571531295776367,-21.571531295776367,-21.571531295776367,-21.571531295776367,-21.570873260498047,-183.51425170898438
-215.71531677246094,-21.571531295776367,-21.572189331054688,-21.571531295776367,-21.571531295776367,-21.571531295776367,-183.54708862304688
-215.7218780517578,-21.571531295776367,-21.571531295776367,-21.571531295776367,-21.571531295776367,-21.571531295776367,-183.54708862304688
-215.71531677246094,-21.571531295776367,-21.571531295776367,-21.571531295776367,-21.571531295776367,-21.571531295776367,-183.53067016601562
-215.71531677246094,-21.570873260498047,-21.571531295776367,-21.571531295776367,-21.572189331054688,-21.571531295776367,-183.49783325195312
-215.71531677246094,-21.571531295776367,-21.571531295776367,-21.571531295776367,-21.571531295776367,-21.571531295776367,-183.46498107910156
-215.71531677246094,-21.570873260498047,-21.571531295776367,-21.571531295776367,-21.571531295776367,-21.571531295776367,-183.43214416503906
-215.71531677246094,-21.571531295776367,-21.571531295776367,-21.571531295776367,-21.572189331054688,-21.571531295776367,-183.4157257080078
-215.71531677246094,-21.571531295776367,-21.571531295776367,-21.571531295776367,-21.571531295776367,-21.571531295776367,-183.366455078125
-215.71531677246094,-21.571531295776367,-21.571531295776367,-21.571531295776367,-21.571531295776367,-21.572189331054688,-183.31719970703125
-215.71531677246094,-21.570873260498047,-21.571531295776367,-21.571531295776367,-21.571531295776367,-21.571531295776367,-183.3828887939453
-215.71531677246094,-21.571531295776367,-21.570873260498047,-21.570873260498047,-21.571531295776367,-21.572189331054688,-183.3336181640625
-215.71531677246094,-21.571531295776367,-21.571531295776367,-21.571531295776367,-21.571531295776367,-21.571531295776367,-183.35003662109375
-215.71531677246094,-21.571531295776367,-21.571531295776367,-21.572189331054688,-21.571531295776367,-21.571531295776367,-183.366455078125
-215.71531677246094,-21.571531295776367,-21.571531295776367,-21.571531295776367,-21.571531295776367,-21.571531295776367,-183.39930725097656
-215.7218780517578,-21.571531295776367,-21.571531295776367,-21.571531295776367,-21.571531295776367,-21.571531295776367,-183.4485626220703
-215.71531677246094,-21.570873260498047,-21.571531295776367,-21.571531295776367,-21.571531295776367,-21.571531295776367,-183.48141479492188
-215.71531677246094,-21.570873260498047,-21.571531295776367,-21.571531295776367,-21.571531295776367,-21.571531295776367,-183.51425170898438
-215.7218780517578,-21.571531295776367,-21.571531295776367,-21.571531295776367,-21.571531295776367,-21.571531295776367,-183.51425170898438
-215.71531677246094,-21.571531295776367,-21.571531295776367,-21.570873260498047,-21.571531295776367,-21.571531295776367,-183.53067016601562
-215.7218780517578,-21.571531295776367,-21.571531295776367,-21.571531295776367,-21.571531295776367,-21.571531295776367,-183.49783325195312
-215.71531677246094,-21.571531295776367,-21.571531295776367,-21.571531295776367,-21.571531295776367,-21.571531295776367,-183.51425170898438
-215.71531677246094,-21.571531295776367,-21.571531295776367,-21.571531295776367,-21.571531295776367,-21.571531295776367,-183.4157257080078
-215.71531677246094,-21.571531295776367,-21.570873260498047,-21.571531295776367,-21.571531295776367,-21.571531295776367,-183.4485626220703
-215.71531677246094,-21.571531295776367,-21.571531295776367,-21.571531295776367,-21.571531295776367,-21.571531295776367,-183.4157257080078
-215.71531677246094,-21.572189331054688,-21.571531295776367,-21.571531295776367,-21.571531295776367,-21.571531295776367,-183.3828887939453
-215.71531677246094,-21.571531295776367,-21.571531295776367,-21.571531295776367,-21.570873260498047,-21.572189331054688,-183.35003662109375
-215.71531677246094,-21.571531295776367,-21.571531295776367,-21.571531295776367,-21.571531295776367,-21.572189331054688,-183.35003662109375
-215.71531677246094,-21.571531295776367,-21.571531295776367,-21.571531295776367,-21.571531295776367,-21.572189331054688,-183.3336181640625
-215.708740234375,-21.571531295776367,-21.570873260498047,-21.570873260498047,-21.571531295776367,-21.571531295776367,-183.3336181640625
-215.7218780517578,-21.571531295776367,-21.572189331054688,-21.571531295776367,-21.572189331054688,-21.570873260498047,-183.4157257080078
-215.71531677246094,-21.571531295776367,-21.571531295776367,-21.571531295776367,-21.571531295776367,-21.571531295776367,-183.39930725097656
-215.71531677246094,-21.571531295776367,-21.572189331054688,-21.570873260498047,-21.571531295776367,-21.571531295776367,-183.4485626220703
-215.71531677246094,-21.571531295776367,-21.571531295776367,-21.571531295776367,-21.571531295776367,-21.572189331054688,-183.51425170898438
-215.71531677246094,-21.571531295776367,-21.570873260498047,-21.571531295776367,-21.571531295776367,-21.571531295776367,-183.54708862304688
-215.708740234375,-21.571531295776367,-21.571531295776367,-21.571531295776367,-21.571531295776367,-21.571531295776367,-183.51425170898438
-215.71531677246094,-21.571531295776367,-21.572189331054688,-21.571531295776367,-21.571531295776367,-21.571531295776367,-183.54708862304688
-215.71531677246094,-21.571531295776367,-21.571531295776367,-21.571531295776367,-21.570873260498047,-21.572189331054688,-183.49783325195312
-215.71531677246094,-21.572189331054688,-21.571531295776367,-21.570873260498047,-21.571531295776367,-21.571531295776367,-183.53067016601562
-215.71531677246094,-21.571531295776367,-21.571531295776367,-21.571531295776367,-21.570873260498047,-21.572189331054688,-183.4485626220703
-215.71531677246094,-21.571531295776367,-21.571531295776367,-21.571531295776367,-21.571531295776367,-21.571531295776367,-183.43214416503906
-215.71531677246094,-21.570873260498047,-21.572189331054688,-21.571531295776367,-21.571531295776367,-21.571531295776367,-183.3828887939453
-215.71531677246094,-21.571531295776367,-21.571531295776367,-21.571531295776367,-21.571531295776367,-21.571531295776367,-183.31719970703125
-215.71531677246094,-21.570873260498047,-21.571531295776367,-21.571531295776367,-21.571531295776367,-21.572189331054688,-183.3336181640625
-215.71531677246094,-21.571531295776367,-21.571531295776367,-21.571531295776367,-21.571531295776367,-21.571531295776367,-183.3336181640625
-215.71531677246094,-21.571531295776367,-21.571531295776367,-21.571531295776367,-21.571531295776367,-21.571531295776367,-183.366455078125
-215.71531677246094,-21.571531295776367,-21.571531295776367,-21.571531295776367,-21.571531295776367,-21.572189331054688,-183.4157257080078
-215.71531677246094,-21.571531295776367,-21.572189331054688,-21.571531295776367,-21.570873260498047,-21.571531295776367,-183.4485626220703
-215.71531677246094,-21.571531295776367,-21.571531295776367,-21.571531295776367,-21.571531295776367,-21.572189331054688,-183.48141479492188
-215.71531677246094,-21.571531295776367,-21.570873260498047,-21.572189331054688,-21.572189331054688,-21.572189331054688,-183.48141479492188
-215.71531677246094,-21.571531295776367,-21.571531295776367,-21.571531295776367,-21.571531295776367,-21.571531295776367,-183.53067016601562
-215.708740234375,-21.571531295776367,-21.571531295776367,-21.571531295776367,-21.571531295776367,-21.572189331054688,-183.57994079589844
-215.71531677246094,-21.571531295776367,-21.571531295776367,-21.570873260498047,-21.571531295776367,-21.571531295776367,-183.49783325195312
-215.71531677246094,-21.571531295776367,-21.571531295776367,-21.570873260498047,-21.571531295776367,-21.571531295776367,-183.51425170898438
-215.71531677246094,-21.571531295776367,-21.571531295776367,-21.571531295776367,-21.572189331054688,-21.571531295776367,-183.53067016601562
-215.71531677246094,-21.571531295776367,-21.571531295776367,-21.571531295776367,-21.571531295776367,-21.571531295776367,-183.4485626220703
-215.7218780517578,-21.571531295776367,-21.571531295776367,-21.571531295776367,-21.571531295776367,-21.572189331054688,-183.4157257080078
-215.71531677246094,-21.571531295776367,-21.571531295776367,-21.572189331054688,-21.571531295776367,-21.571531295776367,-183.43214416503906
-215.71531677246094,-21.571531295776367,-21.571531295776367,-21.571531295776367,-21.571531295776367,-21.572189331054688,-183.35003662109375
-215.708740234375,-21.571531295776367,-21.571531295776367,-21.571531295776367,-21.571531295776367,-21.571531295776367,-183.3828887939453
-215.7218780517578,-21.571531295776367,-21.570873260498047,-21.571531295776367,-21.571531295776367,-21.572189331054688,-183.31719970703125
-215.708740234375,-21.571531295776367,-21.571531295776367,-21.571531295776367,-21.571531295776367,-21.571531295776367,-183.35003662109375
-215.71531677246094,-21.571531295776367,-21.571531295776367,-21.571531295776367,-21.571531295776367,-21.571531295776367,-183.3336181640625
-215.7218780517578,-21.570873260498047,-21.571531295776367,-21.571531295776367,-21.571531295776367,-21.572189331054688,-183.39930725097656
-215.71531677246094,-21.571531295776367,-21.571531295776367,-21.571531295776367,-21.571531295776367,-21.571531295776367,-183.4485626220703
-215.71531677246094,-21.571531295776367,-21.571531295776367,-21.571531295776367,-21.572189331054688,-21.571531295776367,-183.46498107910156
-215.71531677246094,-21.571531295776367,-21.572189331054688,-21.571531295776367,-21.571531295776367,-21.571531295776367,-183.51425170898438
-215.71531677246094,-21.571531295776367,-21.571531295776367,-21.572189331054688,-21.572189331054688,-21.571531295776367,-183.51425170898438
-215.71531677246094,-21.571531295776367,-21.571531295776367,-21.572189331054688,-21.572189331054688,-21.572189331054688,-183.54708862304688
-215.71531677246094,-21.571531295776367,-21.571531295776367,-21.571531295776367,-21.571531295776367,-21.571531295776367,-183.51425170898438
-215.71531677246094,-21.571531295776367,-21.571531295776367,-21.571531295776367,-21.571531295776367,-21.571531295776367,-183.53067016601562
-215.708740234375,-21.571531295776367,-21.571531295776367,-21.571531295776367,-21.571531295776367,-21.571531295776367,-183.49783325195312
-215.7218780517578,-21.571531295776367,-21.572189331054688,-21.571531295776367,-21.571531295776367,-21.571531295776367,-183.43214416503906
-215.71531677246094,-21.571531295776367,-21.571531295776367,-21.571531295776367,-21.571531295776367,-21.571531295776367,-183.43214416503906
-215.71531677246094,-21.571531295776367,-21.571531295776367,-21.570873260498047,-21.571531295776367,-21.571531295776367,-183.3828887939453
-215.708740234375,-21.571531295776367,-21.571531295776367,-21.571531295776367,-21.570873260498047,-21.572189331054688,-183.3828887939453
-215.71531677246094,-21.571531295776367,-21.571531295776367,-21.571531295776367,-21.571531295776367,-21.571531295776367,-183.31719970703125
-215.71531677246094,-21.570873260498047,-21.571531295776367,-21.571531295776367,-21.571531295776367,-21.571531295776367,-183.31719970703125
-215.7218780517578,-21.571531295776367,-21.572189331054688,-21.570873260498047,-21.571531295776367,-21.571531295776367,-183.366455078125
-215.71531677246094,-21.571531295776367,-21.571531295776367,-21.570873260498047,-21.571531295776367,-21.572189331054688,-183.3828887939453
-215.71531677246094,-21.572189331054688,-21.571531295776367,-21.571531295776367,-21.571531295776367,-21.571531295776367,-183.43214416503906
-215.71531677246094,-21.571531295776367,-21.570873260498047,-21.572189331054688,-21.571531295776367,-21.571531295776367,-183.4485626220703
-215.71531677246094,-21.571531295776367,-21.570873260498047,-21.571531295776367,-21.571531295776367,-21.571531295776367,-183.49783325195312
-215.71531677246094,-21.571531295776367,-21.572189331054688,-21.571531295776367,-21.572189331054688,-21.571531295776367,-183.51425170898438
-215.71531677246094,-21.571531295776367,-21.571531295776367,-21.570873260498047,-21.571531295776367,-21.571531295776367,-183.51425170898438
-215.71531677246094,-21.571531295776367,-21.571531295776367,-21.571531295776367,-21.571531295776367,-21.571531295776367,-183.51425170898438
-215.71531677246094,-21.571531295776367,-21.570873260498047,-21.571531295776367,-21.571531295776367,-21.571531295776367,-183.53067016601562
-215.71531677246094,-21.571531295776367,-21.571531295776367,-21.571531295776367,-21.571531295776367,-21.571531295776367,-183.49783325195312
-215.708740234375,-21.571531295776367,-21.570873260498047,-21.571531295776367,-21.571531295776367,-21.571531295776367,-183.4485626220703
-215.71531677246094,-21.571531295776367,-21.571531295776367,-21.571531295776367,-21.571531295776367,-21.572189331054688,-183.43214416503906
-215.71531677246094,-21.571531295776367,-21.571531295776367,-21.571531295776367,-21.571531295776367,-21.571531295776367,-183.4157257080078
-215.71531677246094,-21.571531295776367,-21.571531295776367,-21.572189331054688,-21.571531295776367,-21.571531295776367,-183.366455078125
-215.71531677246094,-21.571531295776367,-21.571531295776367,-21.572189331054688,-21.571531295776367,-21.572189331054688,-183.366455078125
-215.71531677246094,-21.570873260498047,-21.571531295776367,-21.571531295776367,-21.571531295776367,-21.571531295776367,-183.31719970703125
-215.71531677246094,-21.572189331054688,-21.571531295776367,-21.571531295776367,-21.571531295776367,-21.571531295776367,-183.366455078125
-215.71531677246094,-21.571531295776367,-21.572189331054688,-21.571531295776367,-21.571531295776367,-21.571531295776367,-183.366455078125
-215.71531677246094,-21.572189331054688,-21.571531295776367,-21.571531295776367,-21.571531295776367,-21.571531295776367,-183.366455078125
-215.71531677246094,-21.571531295776367,-21.571531295776367,-21.571531295776367,-21.571531295776367,-21.571531295776367,-183.3828887939453
-215.71531677246094,-21.571531295776367,-21.571531295776367,-21.571531295776367,-21.571531295776367,-21.572189331054688,-183.43214416503906
-215.71531677246094,-21.571531295776367,-21.571531295776367,-21.571531295776367,-21.571531295776367,-21.572189331054688,-183.48141479492188
-215.71531677246094,-21.570873260498047,-21.571531295776367,-21.571531295776367,-21.571531295776367,-21.571531295776367,-183.48141479492188
-215.71531677246094,-21.571531295776367,-21.571531295776367,-21.571531295776367,-21.571531295776367,-21.572189331054688,-183.51425170898438
-215.71531677246094,-21.571531295776367,-21.572189331054688,-21.571531295776367,-21.571531295776367,-21.572189331054688,-183.54708862304688
-215.71531677246094,-21.571531295776367,-21.571531295776367,-21.571531295776367,-21.571531295776367,-21.571531295776367,-183.53067016601562
-215.71531677246094,-21.571531295776367,-21.571531295776367,-21.571531295776367,-21.571531295776367,-21.572189331054688,-183.49783325195312
-215.71531677246094,-21.570873260498047,-21.571531295776367,-21.571531295776367,-21.571531295776367,-21.571531295776367,-183.48141479492188
-215.71531677246094,-21.571531295776367,-21.571531295776367,-21.571531295776367,-21.571531295776367,-21.571531295776367,-183.39930725097656
-215.7218780517578,-21.571531295776367,-21.571531295776367,-21.571531295776367,-21.571531295776367,-21.571531295776367,-183.4157257080078
-215.71531677246094,-21.571531295776367,-21.570873260498047,-21.571531295776367,-21.571531295776367,-21.571531295776367,-183.35003662109375
-215.71531677246094,-21.571531295776367,-21.572189331054688,-21.571531295776367,-21.571531295776367,-21.571531295776367,-183.30078125
-215.71531677246094,-21.571531295776367,-21.571531295776367,-21.571531295776367,-21.571531295776367,-21.571531295776367,-183.35003662109375
-215.71531677246094,-21.571531295776367,-21.571531295776367,-21.571531295776367,-21.571531295776367,-21.571531295776367,-183.35003662109375
-215.71531677246094,-21.571531295776367,-21.570873260498047,-21.571531295776367,-21.571531295776367,-21.572189331054688,-183.35003662109375
-215.71531677246094,-21.571531295776367,-21.571531295776367,-21.572189331054688,-21.571531295776367,-21.571531295776367,-183.3828887939453
-215.71531677246094,-21.571531295776367,-21.571531295776367,-21.572189331054688,-21.571531295776367,-21.571531295776367,-183.39930725097656
-215.71531677246094,-21.571531295776367,-21.571531295776367,-21.571531295776367,-21.571531295776367,-21.571531295776367,-183.48141479492188
-215.71531677246094,-21.571531295776367,-21.571531295776367,-21.571531295776367,-21.571531295776367,-21.571531295776367,-183.51425170898438
-215.71531677246094,-21.570873260498047,-21.571531295776367,-21.571531295776367,-21.571531295776367,-21.571531295776367,-183.53067016601562
-215.71531677246094,-21.571531295776367,-21.571531295776367,-21.571531295776367,-21.571531295776367,-21.572189331054688,-183.53067016601562
-215.71531677246094,-21.571531295776367,-21.571531295776367,-21.571531295776367,-21.571531295776367,-21.571531295776367,-183.48141479492188
-215.71531677246094,-21.571531295776367,-21.571531295776367,-21.571531295776367,-21.571531295776367,-21.571531295776367,-183.49783325195312
-215.71531677246094,-21.571531295776367,-21.571531295776367,-21.571531295776367,-21.572189331054688,-21.571531295776367,-183.4485626220703
-215.71531677246094,-21.571531295776367,-21.571531295776367,-21.571531295776367,-21.571531295776367,-21.571531295776367,-183.43214416503906
-215.71531677246094,-21.571531295776367,-21.571531295776367,-21.571531295776367,-21.571531295776367,-21.571531295776367,-183.39930725097656
-215.71531677246094,-21.571531295776367,-21.571531295776367,-21.571531295776367,-21.571531295776367,-21.571531295776367,-183.3828887939453
-215.7218780517578,-21.571531295776367,-21.571531295776367,-21.571531295776367,-21.571531295776367,-21.571531295776367,-183.31719970703125
-215.71531677246094,-21.571531295776367,-21.571531295776367,-21.571531295776367,-21.571531295776367,-21.571531295776367,-183.31719970703125
-215.71531677246094,-21.571531295776367,-21.572189331054688,-21.571531295776367,-21.571531295776367,-21.571531295776367,-183.31719970703125
-215.71531677246094,-21.571531295776367,-21.571531295776367,-21.571531295776367,-21.571531295776367,-21.572189331054688,-183.31719970703125
-215.7218780517578,-21.571531295776367,-21.571531295776367,-21.571531295776367,-21.571531295776367,-21.571531295776367,-183.366455078125
-215.7218780517578,-21.571531295776367,-21.571531295776367,-21.571531295776367,-21.571531295776367,-21.571531295776367,-183.39930725097656
-215.71531677246094,-21.571531295776367,-21.571531295776367,-21.571531295776367,-21.571531295776367,-21.571531295776367,-183.46498107910156
-215.71531677246094,-21.571531295776367,-21.571531295776367,-21.571531295776367,-21.571531295776367,-21.571531295776367,-183.46498107910156
-215.71531677246094,-21.570873260498047,-21.571531295776367,-21.571531295776367,-21.571531295776367,-21.571531295776367,-183.51425170898438
-215.71531677246094,-21.571531295776367,-21.571531295776367,-21.571531295776367,-21.571531295776367,-21.571531295776367,-183.54708862304688
-215.71531677246094,-21.571531295776367,-21.571531295776367,-21.571531295776367,-21.571531295776367,-21.571531295776367,-183.53067016601562
-215.71531677246094,-21.571531295776367,-21.571531295776367,-21.572189331054688,-21.571531295776367,-21.571531295776367,-183.54708862304688
-215.71531677246094,-21.571531295776367,-21.571531295776367,-21.571531295776367,-21.570873260498047,-21.571531295776367,-183.51425170898438
-215.708740234375,-21.571531295776367,-21.571531295776367,-21.571531295776367,-21.571531295776367,-21.571531295776367,-183.48141479492188
-215.708740234375,-21.571531295776367,-21.571531295776367,-21.570873260498047,-21.571531295776367,-21.571531295776367,-183.4485626220703
-215.7218780517578,-21.571531295776367,-21.571531295776367,-21.571531295776367,-21.571531295776367,-21.571531295776367,-183.4157257080078
-215.71531677246094,-21.571531295776367,-21.571531295776367,-21.571531295776367,-21.571531295776367,-21.571531295776367,-183.39930725097656
-215.71531677246094,-21.571531295776367,-21.571531295776367,-21.571531295776367,-21.571531295776367,-21.571531295776367,-183.366455078125
-215.7218780517578,-21.571531295776367,-21.572189331054688,-21.571531295776367,-21.571531295776367,-21.571531295776367,-183.3336181640625
-215.71531677246094,-21.571531295776367,-21.571531295776367,-21.571531295776367,-21.571531295776367,-21.571531295776367,-183.31719970703125
-215.71531677246094,-21.571531295776367,-21.570873260498047,-21.571531295776367,-21.571531295776367,-21.571531295776367,-183.3336181640625
-215.7218780517578,-21.571531295776367,-21.571531295776367,-21.571531295776367,-21.570873260498047,-21.572189331054688,-183.366455078125
-215.71531677246094,-21.570873260498047,-21.571531295776367,-21.571531295776367,-21.571531295776367,-21.571531295776367,-183.4157257080078
-215.71531677246094,-21.571531295776367,-21.571531295776367,-21.571531295776367,-21.572189331054688,-21.571531295776367,-183.4485626220703
-215.7218780517578,-21.571531295776367,-21.571531295776367,-21.571531295776367,-21.571531295776367,-21.571531295776367,-183.48141479492188
-215.71531677246094,-21.570873260498047,-21.571531295776367,-21.571531295776367,-21.571531295776367,-21.571531295776367,-183.54708862304688
-215.71531677246094,-21.572189331054688,-21.571531295776367,-21.571531295776367,-21.571531295776367,-21.571531295776367,-183.57994079589844
-215.71531677246094,-21.572189331054688,-21.572189331054688,-21.571531295776367,-21.571531295776367,-21.571531295776367,-183.51425170898438
-215.71531677246094,-21.572189331054688,-21.571531295776367,-21.571531295776367,-21.571531295776367,-21.571531295776367,-183.51425170898438
-215.71531677246094,-21.571531295776367,-21.571531295776367,-21.571531295776367,-21.571531295776367,-21.572189331054688,-183.49783325195312
-215.71531677246094,-21.571531295776367,-21.570873260498047,-21.572189331054688,-21.571531295776367,-21.571531295776367,-183.46498107910156
-215.71531677246094,-21.571531295776367,-21.571531295776367,-21.571531295776367,-21.571531295776367,-21.571531295776367,-183.43214416503906
-215.71531677246094,-21.571531295776367,-21.571531295776367,-21.571531295776367,-21.571531295776367,-21.572189331054688,-183.366455078125
-215.71531677246094,-21.571531295776367,-21.571531295776367,-21.571531295776367,-21.571531295776367,-21.571531295776367,-183.366455078125
-215.71531677246094,-21.571531295776367,-21.571531295776367,-21.571531295776367,-21.571531295776367,-21.571531295776367,-183.31719970703125
-215.708740234375,-21.571531295776367,-21.572189331054688,-21.571531295776367,-21.571531295776367,-21.572189331054688,-183.3336181640625
-215.71531677246094,-21.571531295776367,-21.572189331054688,-21.572189331054688,-21.572189331054688,-21.571531295776367,-183.35003662109375
-215.71531677246094,-21.571531295776367,-21.571531295776367,-21.570873260498047,-21.571531295776367,-21.571531295776367,-183.31719970703125
-215.71531677246094,-21.571531295776367,-21.571531295776367,-21.571531295776367,-21.571531295776367,-21.571531295776367,-183.366455078125
-215.71531677246094,-21.571531295776367,-21.571531295776367,-21.571531295776367,-21.571531295776367,-21.571531295776367,-183.4157257080078
-215.71531677246094,-21.571531295776367,-21.571531295776367,-21.571531295776367,-21.572189331054688,-21.571531295776367,-183.4485626220703
-215.7218780517578,-21.571531295776367,-21.571531295776367,-21.571531295776367,-21.571531295776367,-21.572189331054688,-183.48141479492188
-215.71531677246094,-21.571531295776367,-21.571531295776367,-21.570873260498047,-21.570873260498047,-21.571531295776367,-183.49783325195312
-215.71531677246094,-21.571531295776367,-21.571531295776367,-21.571531295776367,-21.571531295776367,-21.571531295776367,-183.51425170898438
-215.71531677246094,-21.571531295776367,-21.571531295776367,-21.571531295776367,-21.571531295776367,-21.571531295776367,-183.53067016601562
-215.708740234375,-21.571531295776367,-21.571531295776367,-21.570873260498047,-21.571531295776367,-21.571531295776367,-183.51425170898438
-215.71531677246094,-21.571531295776367,-21.571531295776367,-21.571531295776367,-21.571531295776367,-21.572189331054688,-183.46498107910156
-215.71531677246094,-21.571531295776367,-21.571531295776367,-21.571531295776367,-21.571531295776367,-21.571531295776367,-183.4485626220703
-215.71531677246094,-21.571531295776367,-21.570873260498047,-21.571531295776367,-21.571531295776367,-21.571531295776367,-183.39930725097656
-215.71531677246094,-21.571531295776367,-21.571531295776367,-21.571531295776367,-21.571531295776367,-21.571531295776367,-183.39930725097656
-215.708740234375,-21.571531295776367,-21.571531295776367,-21.571531295776367,-21.570873260498047,-21.571531295776367,-183.366455078125
-215.71531677246094,-21.571531295776367,-21.571531295776367,-21.571531295776367,-21.570873260498047,-21.571531295776367,-183.3336181640625
-215.708740234375,-21.571531295776367,-21.571531295776367,-21.571531295776367,-21.571531295776367,-21.571531295776367,-183.3828887939453
-215.71531677246094,-21.571531295776367,-21.571531295776367,-21.571531295776367,-21.571531295776367,-21.572189331054688,-183.35003662109375
-215.71531677246094,-21.571531295776367,-21.571531295776367,-21.571531295776367,-21.571531295776367,-21.571531295776367,-183.35003662109375
-215.71531677246094,-21.571531295776367,-21.570873260498047,-21.571531295776367,-21.571531295776367,-21.571531295776367,-183.366455078125
-215.71531677246094,-21.571531295776367,-21.571531295776367,-21.571531295776367,-21.571531295776367,-21.571531295776367,-183.43214416503906
-215.71531677246094,-21.571531295776367,-21.571531295776367,-21.571531295776367,-21.571531295776367,-21.571531295776367,-183.46498107910156
-215.71531677246094,-21.571531295776367,-21.571531295776367,-21.570873260498047,-21.571531295776367,-21.571531295776367,-183.51425170898438
-215.71531677246094,-21.571531295776367,-21.572189331054688,-21.571531295776367,-21.572189331054688,-21.571531295776367,-183.51425170898438
-215.71531677246094,-21.571531295776367,-21.571531295776367,-21.571531295776367,-21.571531295776367,-21.572189331054688,-183.51425170898438
-215.71531677246094,-21.572189331054688,-21.571531295776367,-21.571531295776367,-21.571531295776367,-21.571531295776367,-183.49783325195312
-215.71531677246094,-21.571531295776367,-21.571531295776367,-21.571531295776367,-21.572189331054688,-21.572189331054688,-183.51425170898438
-215.71531677246094,-21.571531295776367,-21.571531295776367,-21.571531295776367,-21.571531295776367,-21.571531295776367,-183.51425170898438
-215.71531677246094,-21.571531295776367,-21.571531295776367,-21.571531295776367,-21.571531295776367,-21.571531295776367,-183.4485626220703
-215.71531677246094,-21.571531295776367,-21.572189331054688,-21.571531295776367,-21.571531295776367,-21.572189331054688,-183.3828887939453
-215.71531677246094,-21.571531295776367,-21.570873260498047,-21.571531295776367,-21.570873260498047,-21.571531295776367,-183.3828887939453
-215.71531677246094,-21.571531295776367,-21.571531295776367,-21.571531295776367,-21.572189331054688,-21.572189331054688,-183.3336181640625
-215.71531677246094,-21.571531295776367,-21.571531295776367,-21.571531295776367,-21.571531295776367,-21.572189331054688,-183.35003662109375
-215.71531677246094,-21.571531295776367,-21.571531295776367,-21.571531295776367,-21.571531295776367,-21.571531295776367,-183.3336181640625
-215.71531677246094,-21.571531295776367,-21.571531295776367,-21.571531295776367,-21.571531295776367,-21.571531295776367,-183.366455078125
-215.71531677246094,-21.571531295776367,-21.571531295776367,-21.571531295776367,-21.571531295776367,-21.572189331054688,-183.366455078125
-215.71531677246094,-21.570873260498047,-21.571531295776367,-21.570873260498047,-21.571531295776367,-21.572189331054688,-183.4157257080078
-215.71531677246094,-21.571531295776367,-21.571531295776367,-21.570873260498047,-21.571531295776367,-21.571531295776367,-183.4485626220703
-215.71531677246094,-21.571531295776367,-21.571531295776367,-21.571531295776367,-21.571531295776367,-21.571531295776367,-183.4485626220703
-215.71531677246094,-21.571531295776367,-21.571531295776367,-21.571531295776367,-21.571531295776367,-21.571531295776367,-183.53067016601562
-215.71531677246094,-21.571531295776367,-21.571531295776367,-21.571531295776367,-21.571531295776367,-21.571531295776367,-183.54708862304688
-215.71531677246094,-21.571531295776367,-21.571531295776367,-21.571531295776367,-21.570873260498047,-21.571531295776367,-183.49783325195312
-215.71531677246094,-21.571531295776367,-21.571531295776367,-21.571531295776367,-21.571531295776367,-21.572189331054688,-183.56350708007812
-215.71531677246094,-21.571531295776367,-21.571531295776367,-21.571531295776367,-21.571531295776367,-21.571531295776367,-183.48141479492188
-215.71531677246094,-21.571531295776367,-21.571531295776367,-21.571531295776367,-21.571531295776367,-21.571531295776367,-183.4485626220703
-215.71531677246094,-21.571531295776367,-21.571531295776367,-21.571531295776367,-21.571531295776367,-21.571531295776367,-183.43214416503906
-215.71531677246094,-21.571531295776367,-21.571531295776367,-21.571531295776367,-21.571531295776367,-21.571531295776367,-183.3828887939453
-215.71531677246094,-21.571531295776367,-21.571531295776367,-21.572189331054688,-21.571531295776367,-21.571531295776367,-183.3828887939453
-215.7218780517578,-21.571531295776367,-21.570873260498047,-21.571531295776367,-21.571531295776367,-21.571531295776367,-183.366455078125
-215.71531677246094,-21.571531295776367,-21.571531295776367,-21.571531295776367,-21.571531295776367,-21.572189331054688,-183.30078125
-215.71531677246094,-21.572189331054688,-21.571531295776367,-21.572189331054688,-21.571531295776367,-21.571531295776367,-183.31719970703125
-215.71531677246094,-21.571531295776367,-21.571531295776367,-21.570873260498047,-21.571531295776367,-21.571531295776367,-183.35003662109375
-215.7218780517578,-21.571531295776367,-21.571531295776367,-21.571531295776367,-21.571531295776367,-21.571531295776367,-183.4157257080078
-215.71531677246094,-21.571531295776367,-21.571531295776367,-21.571531295776367,-21.571531295776367,-21.571531295776367,-183.43214416503906
-215.71531677246094,-21.571531295776367,-21.571531295776367,-21.571531295776367,-21.571531295776367,-21.571531295776367,-183.43214416503906
-215.71531677246094,-21.571531295776367,-21.571531295776367,-21.571531295776367,-21.572189331054688,-21.571531295776367,-183.49783325195312
-215.708740234375,-21.571531295776367,-21.570873260498047,-21.571531295776367,-21.571531295776367,-21.571531295776367,-183.53067016601562
-215.71531677246094,-21.571531295776367,-21.571531295776367,-21.571531295776367,-21.571531295776367,-21.571531295776367,-183.54708862304688
-215.7218780517578,-21.571531295776367,-21.571531295776367,-21.571531295776367,-21.571531295776367,-21.571531295776367,-183.57994079589844
-215.71531677246094,-21.571531295776367,-21.570873260498047,-21.570873260498047,-21.571531295776367,-21.571531295776367,-183.51425170898438
-215.71531677246094,-21.572189331054688,-21.571531295776367,-21.571531295776367,-21.570873260498047,-21.572189331054688,-183.48141479492188
-215.71531677246094,-21.571531295776367,-21.571531295776367,-21.571531295776367,-21.571531295776367,-21.571531295776367,-183.46498107910156
-215.708740234375,-21.571531295776367,-21.571531295776367,-21.571531295776367,-21.570873260498047,-21.572189331054688,-183.4157257080078
-215.71531677246094,-21.571531295776367,-21.571531295776367,-21.572189331054688,-21.571531295776367,-21.571531295776367,-183.39930725097656
-215.71531677246094,-21.571531295776367,-21.571531295776367,-21.572189331054688,-21.571531295776367,-21.572189331054688,-183.3336181640625
-215.71531677246094,-21.571531295776367,-21.571531295776367,-21.572189331054688,-21.572189331054688,-21.572189331054688,-183.35003662109375
-215.71531677246094,-21.571531295776367,-21.571531295776367,-21.571531295776367,-21.571531295776367,-21.572189331054688,-183.35003662109375
-215.71531677246094,-21.571531295776367,-21.572189331054688,-21.571531295776367,-21.571531295776367,-21.571531295776367,-183.3336181640625
-215.71531677246094,-21.571531295776367,-21.570873260498047,-21.571531295776367,-21.571531295776367,-21.572189331054688,-183.35003662109375
-215.71531677246094,-21.571531295776367,-21.571531295776367,-21.571531295776367,-21.572189331054688,-21.571531295776367,-183.4157257080078
-215.71531677246094,-21.571531295776367,-21.571531295776367,-21.570873260498047,-21.571531295776367,-21.572189331054688,-183.4157257080078
-215.71531677246094,-21.571531295776367,-21.571531295776367,-21.571531295776367,-21.571531295776367,-21.571531295776367,-183.51425170898438
-215.71531677246094,-21.570873260498047,-21.571531295776367,-21.571531295776367,-21.571531295776367,-21.572189331054688,-183.51425170898438
-215.7218780517578,-21.571531295776367,-21.571531295776367,-21.572189331054688,-21.572189331054688,-21.571531295776367,-183.53067016601562
-215.71531677246094,-21.571531295776367,-21.570873260498047,-21.571531295776367,-21.572189331054688,-21.571531295776367,-183.54708862304688
-215.71531677246094,-21.571531295776367,-21.571531295776367,-21.571531295776367,-21.571531295776367,-21.572189331054688,-183.51425170898438
-215.71531677246094,-21.571531295776367,-21.571531295776367,-21.571531295776367,-21.571531295776367,-21.571531295776367,-183.51425170898438
-215.71531677246094,-21.570873260498047,-21.571531295776367,-21.571531295776367,-21.571531295776367,-21.572189331054688,-183.49783325195312
-215.71531677246094,-21.571531295776367,-21.570873260498047,-21.571531295776367,-21.571531295776367,-21.571531295776367,-183.43214416503906
-215.71531677246094,-21.571531295776367,-21.571531295776367,-21.571531295776367,-21.571531295776367,-21.571531295776367,-183.39930725097656
-215.71531677246094,-21.572189331054688,-21.571531295776367,-21.571531295776367,-21.571531295776367,-21.571531295776367,-183.3828887939453
-215.71531677246094,-21.571531295776367,-21.571531295776367,-21.571531295776367,-21.571531295776367,-21.571531295776367,-183.35003662109375
-215.71531677246094,-21.571531295776367,-21.571531295776367,-21.571531295776367,-21.571531295776367,-21.571531295776367,-183.35003662109375
-215.71531677246094,-21.570873260498047,-21.571531295776367,-21.571531295776367,-21.571531295776367,-21.571531295776367,-183.3336181640625
-215.708740234375,-21.571531295776367,-21.571531295776367,-21.571531295776367,-21.571531295776367,-21.572189331054688,-183.3336181640625
-215.71531677246094,-21.571531295776367,-21.571531295776367,-21.571531295776367,-21.570873260498047,-21.571531295776367,-183.3828887939453
-215.71531677246094,-21.570873260498047,-21.571531295776367,-21.571531295776367,-21.571531295776367,-21.571531295776367,-183.39930725097656
-215.71531677246094,-21.571531295776367,-21.571531295776367,-21.572189331054688,-21.572189331054688,-21.572189331054688,-183.48141479492188
-215.71531677246094,-21.572189331054688,-21.571531295776367,-21.571531295776367,-21.571531295776367,-21.571531295776367,-183.51425170898438
-215.71531677246094,-21.571531295776367,-21.571531295776367,-21.571531295776367,-21.571531295776367,-21.571531295776367,-183.51425170898438
-215.71531677246094,-21.571531295776367,-21.571531295776367,-21.571531295776367,-21.571531295776367,-21.571531295776367,-183.56350708007812
-215.71531677246094,-21.571531295776367,-21.571531295776367,-21.571531295776367,-21.571531295776367,-21.572189331054688,-183.54708862304688
-215.71531677246094,-21.571531295776367,-21.571531295776367,-21.571531295776367,-21.571531295776367,-21.572189331054688,-183.53067016601562
-215.71531677246094,-21.570873260498047,-21.571531295776367,-21.571531295776367,-21.571531295776367,-21.571531295776367,-183.51425170898438
-215.71531677246094,-21.571531295776367,-21.571531295776367,-21.571531295776367,-21.571531295776367,-21.571531295776367,-183.43214416503906
-215.71531677246094,-21.571531295776367,-21.570873260498047,-21.571531295776367,-21.571531295776367,-21.571531295776367,-183.43214416503906
-215.71531677246094,-21.572189331054688,-21.571531295776367,-21.571531295776367,-21.571531295776367,-21.571531295776367,-183.3828887939453
-215.71531677246094,-21.571531295776367,-21.571531295776367,-21.571531295776367,-21.571531295776367,-21.571531295776367,-183.366455078125
-215.71531677246094,-21.571531295776367,-21.571531295776367,-21.571531295776367,-21.571531295776367,-21.571531295776367,-183.366455078125
-215.71531677246094,-21.571531295776367,-21.571531295776367,-21.571531295776367,-21.571531295776367,-21.571531295776367,-183.31719970703125
-215.7218780517578,-21.571531295776367,-21.571531295776367,-21.571531295776367,-21.571531295776367,-21.571531295776367,-183.366455078125
-215.708740234375,-21.570873260498047,-21.572189331054688,-21.571531295776367,-21.571531295776367,-21.571531295776367,-183.4157257080078
-215.71531677246094,-21.571531295776367,-21.572189331054688,-21.571531295776367,-21.571531295776367,-21.571531295776367,-183.366455078125
-215.71531677246094,-21.571531295776367,-21.571531295776367,-21.571531295776367,-21.571531295776367,-21.571531295776367,-183.39930725097656
-215.708740234375,-21.571531295776367,-21.571531295776367,-21.571531295776367,-21.572189331054688,-21.571531295776367,-183.46498107910156
-215.71531677246094,-21.571531295776367,-21.571531295776367,-21.571531295776367,-21.571531295776367,-21.571531295776367,-183.46498107910156
-215.71531677246094,-21.571531295776367,-21.572189331054688,-21.571531295776367,-21.571531295776367,-21.571531295776367,-183.48141479492188
-215.71531677246094,-21.571531295776367,-21.571531295776367,-21.570873260498047,-21.571531295776367,-21.571531295776367,-183.53067016601562
-215.71531677246094,-21.571531295776367,-21.572189331054688,-21.571531295776367,-21.571531295776367,-21.571531295776367,-183.53067016601562
-215.71531677246094,-21.571531295776367,-21.571531295776367,-21.571531295776367,-21.571531295776367,-21.571531295776367,-183.54708862304688
-215.71531677246094,-21.572189331054688,-21.571531295776367,-21.571531295776367,-21.571531295776367,-21.571531295776367,-183.53067016601562
-215.71531677246094,-21.571531295776367,-21.571531295776367,-21.571531295776367,-21.571531295776367,-21.571531295776367,-183.4485626220703
-215.71531677246094,-21.571531295776367,-21.571531295776367,-21.571531295776367,-21.571531295776367,-21.571531295776367,-183.4485626220703
-215.71531677246094,-21.571531295776367,-21.571531295776367,-21.571531295776367,-21.571531295776367,-21.572189331054688,-183.3828887939453
-215.71531677246094,-21.571531295776367,-21.571531295776367,-21.571531295776367,-21.571531295776367,-21.571531295776367,-183.35003662109375
-215.71531677246094,-21.572189331054688,-21.571531295776367,-21.571531295776367,-21.571531295776367,-21.571531295776367,-183.30078125
-215.708740234375,-21.571531295776367,-21.571531295776367,-21.571531295776367,-21.571531295776367,-21.571531295776367,-183.3336181640625
-215.71531677246094,-21.571531295776367,-21.570873260498047,-21.571531295776367,-21.571531295776367,-21.571531295776367,-183.366455078125
-215.71531677246094,-21.572189331054688,-21.571531295776367,-21.572189331054688,-21.571531295776367,-21.571531295776367,-183.3828887939453
-215.71531677246094,-21.571531295776367,-21.571531295776367,-21.571531295776367,-21.571531295776367,-21.571531295776367,-183.366455078125
-215.7218780517578,-21.571531295776367,-21.571531295776367,-21.571531295776367,-21.571531295776367,-21.572189331054688,-183.43214416503906
-215.71531677246094,-21.571531295776367,-21.571531295776367,-21.571531295776367,-21.571531295776367,-21.571531295776367,-183.48141479492188
-215.71531677246094,-21.571531295776367,-21.570873260498047,-21.571531295776367,-21.571531295776367,-21.572189331054688,-183.49783325195312
-215.71531677246094,-21.571531295776367,-21.571531295776367,-21.571531295776367,-21.571531295776367,-21.571531295776367,-183.54708862304688
-215.71531677246094,-21.571531295776367,-21.572189331054688,-21.571531295776367,-21.571531295776367,-21.571531295776367,-183.53067016601562
-215.7218780517578,-21.571531295776367,-21.571531295776367,-21.571531295776367,-21.571531295776367,-21.571531295776367,-183.49783325195312
-215.71531677246094,-21.572189331054688,-21.570873260498047,-21.571531295776367,-21.571531295776367,-21.571531295776367,-183.53067016601562
-215.71531677246094,-21.571531295776367,-21.571531295776367,-21.571531295776367,-21.571531295776367,-21.571531295776367,-183.46498107910156
-215.71531677246094,-21.571531295776367,-21.571531295776367,-21.571531295776367,-21.571531295776367,-21.571531295776367,-183.4485626220703
-215.71531677246094,-21.571531295776367,-21.571531295776367,-21.571531295776367,-21.571531295776367,-21.572189331054688,-183.39930725097656
-215.71531677246094,-21.571531295776367,-21.571531295776367,-21.571531295776367,-21.571531295776367,-21.571531295776367,-183.366455078125
-215.7218780517578,-21.571531295776367,-21.571531295776367,-21.571531295776367,-21.572189331054688,-21.570873260498047,-183.366455078125
-215.71531677246094,-21.571531295776367,-21.572189331054688,-21.570873260498047,-21.571531295776367,-21.571531295776367,-183.35003662109375
-215.71531677246094,-21.571531295776367,-21.571531295776367,-21.571531295776367,-21.571531295776367,-21.571531295776367,-183.366455078125
-215.71531677246094,-21.571531295776367,-21.571531295776367,-21.572189331054688,-21.571531295776367,-21.572189331054688,-183.366455078125
-215.71531677246094,-21.571531295776367,-21.571531295776367,-21.571531295776367,-21.571531295776367,-21.571531295776367,-183.3828887939453
-215.71531677246094,-21.571531295776367,-21.571531295776367,-21.571531295776367,-21.570873260498047,-21.571531295776367,-183.43214416503906
-215.71531677246094,-21.571531295776367,-21.571531295776367,-21.571531295776367,-21.571531295776367,-21.572189331054688,-183.46498107910156
-215.71531677246094,-21.572189331054688,-21.571531295776367,-21.571531295776367,-21.571531295776367,-21.572189331054688,-183.46498107910156
-215.7218780517578,-21.571531295776367,-21.571531295776367,-21.571531295776367,-21.571531295776367,-21.571531295776367,-183.51425170898438
-215.71531677246094,-21.571531295776367,-21.572189331054688,-21.571531295776367,-21.572189331054688,-21.571531295776367,-183.53067016601562
-215.71531677246094,-21.571531295776367,-21.572189331054688,-21.571531295776367,-21.571531295776367,-21.571531295776367,-183.49783325195312
-215.7218780517578,-21.571531295776367,-21.570873260498047,-21.571531295776367,-21.571531295776367,-21.571531295776367,-183.51425170898438
-215.71531677246094,-21.571531295776367,-21.571531295776367,-21.570873260498047,-21.571531295776367,-21.572189331054688,-183.46498107910156
-215.71531677246094,-21.571531295776367,-21.571531295776367,-21.571531295776367,-21.571531295776367,-21.571531295776367,-183.48141479492188
-215.71531677246094,-21.571531295776367,-21.572189331054688,-21.571531295776367,-21.571531295776367,-21.570873260498047,-183.4485626220703
-215.7218780517578,-21.571531295776367,-21.571531295776367,-21.570873260498047,-21.571531295776367,-21.572189331054688,-183.366455078125
-215.7218780517578,-21.571531295776367,-21.571531295776367,-21.571531295776367,-21.571531295776367,-21.572189331054688,-183.35003662109375
-215.71531677246094,-21.571531295776367,-21.571531295776367,-21.571531295776367,-21.571531295776367,-21.571531295776367,-183.31719970703125
-215.71531677246094,-21.571531295776367,-21.571531295776367,-21.571531295776367,-21.571531295776367,-21.571531295776367,-183.35003662109375
-215.71531677246094,-21.571531295776367,-21.570873260498047,-21.571531295776367,-21.571531295776367,-21.572189331054688,-183.3336181640625
-215.71531677246094,-21.571531295776367,-21.571531295776367,-21.571531295776367,-21.570873260498047,-21.571531295776367,-183.3336181640625
-215.71531677246094,-21.571531295776367,-21.570873260498047,-21.572189331054688,-21.571531295776367,-21.571531295776367,-183.366455078125
-215.71531677246094,-21.571531295776367,-21.571531295776367,-21.571531295776367,-21.571531295776367,-21.571531295776367,-183.4157257080078
-215.71531677246094,-21.571531295776367,-21.571531295776367,-21.571531295776367,-21.571531295776367,-21.572189331054688,-183.43214416503906
-215.7218780517578,-21.571531295776367,-21.571531295776367,-21.571531295776367,-21.571531295776367,-21.571531295776367,-183.48141479492188
-215.71531677246094,-21.571531295776367,-21.571531295776367,-21.571531295776367,-21.571531295776367,-21.572189331054688,-183.54708862304688
-215.71531677246094,-21.571531295776367,-21.571531295776367,-21.571531295776367,-21.571531295776367,-21.571531295776367,-183.51425170898438
-215.71531677246094,-21.571531295776367,-21.571531295776367,-21.571531295776367,-21.571531295776367,-21.571531295776367,-183.53067016601562
-215.71531677246094,-21.571531295776367,-21.572189331054688,-21.570873260498047,-21.571531295776367,-21.571531295776367,-183.51425170898438
-215.71531677246094,-21.571531295776367,-21.571531295776367,-21.571531295776367,-21.571531295776367,-21.570873260498047,-183.49783325195312
-215.71531677246094,-21.572189331054688,-21.570873260498047,-21.572189331054688,-21.571531295776367,-21.571531295776367,-183.46498107910156
-215.71531677246094,-21.571531295776367,-21.571531295776367,-21.571531295776367,-21.571531295776367,-21.572189331054688,-183.366455078125
-215.71531677246094,-21.571531295776367,-21.572189331054688,-21.570873260498047,-21.571531295776367,-21.571531295776367,-183.3828887939453
-215.71531677246094,-21.571531295776367,-21.571531295776367,-21.571531295776367,-21.571531295776367,-21.571531295776367,-183.39930725097656
-215.71531677246094,-21.571531295776367,-21.572189331054688,-21.572189331054688,-21.571531295776367,-21.571531295776367,-183.35003662109375
-215.708740234375,-21.571531295776367,-21.571531295776367,-21.571531295776367,-21.571531295776367,-21.572189331054688,-183.35003662109375
-215.71531677246094,-21.571531295776367,-21.570873260498047,-21.571531295776367,-21.572189331054688,-21.571531295776367,-183.366455078125
-215.71531677246094,-21.571531295776367,-21.571531295776367,-21.571531295776367,-21.571531295776367,-21.571531295776367,-183.366455078125
-215.71531677246094,-21.570873260498047,-21.570873260498047,-21.571531295776367,-21.571531295776367,-21.571531295776367,-183.4157257080078
-215.7218780517578,-21.571531295776367,-21.571531295776367,-21.571531295776367,-21.571531295776367,-21.571531295776367,-183.43214416503906
-215.71531677246094,-21.571531295776367,-21.571531295776367,-21.571531295776367,-21.571531295776367,-21.571531295776367,-183.49783325195312
-215.71531677246094,-21.571531295776367,-21.572189331054688,-21.571531295776367,-21.571531295776367,-21.572189331054688,-183.51425170898438
-215.71531677246094,-21.571531295776367,-21.571531295776367,-21.572189331054688,-21.571531295776367,-21.571531295776367,-183.53067016601562
-215.71531677246094,-21.571531295776367,-21.571531295776367,-21.571531295776367,-21.572189331054688,-21.571531295776367,-183.53067016601562
-215.71531677246094,-21.571531295776367,-21.571531295776367,-21.571531295776367,-21.571531295776367,-21.571531295776367,-183.51425170898438
-215.708740234375,-21.571531295776367,-21.571531295776367,-21.571531295776367,-21.571531295776367,-21.571531295776367,-183.54708862304688
-215.708740234375,-21.571531295776367,-21.571531295776367,-21.571531295776367,-21.571531295776367,-21.571531295776367,-183.4485626220703
-215.71531677246094,-21.571531295776367,-21.570873260498047,-21.571531295776367,-21.572189331054688,-21.571531295776367,-183.43214416503906
-215.71531677246094,-21.571531295776367,-21.571531295776367,-21.571531295776367,-21.571531295776367,-21.572189331054688,-183.3828887939453
-215.71531677246094,-21.571531295776367,-21.571531295776367,-21.571531295776367,-21.571531295776367,-21.571531295776367,-183.4157257080078
-215.71531677246094,-21.571531295776367,-21.572189331054688,-21.571531295776367,-21.571531295776367,-21.571531295776367,-183.35003662109375
-215.71531677246094,-21.571531295776367,-21.571531295776367,-21.571531295776367,-21.571531295776367,-21.571531295776367,-183.31719970703125
-215.71531677246094,-21.571531295776367,-21.570873260498047,-21.571531295776367,-21.571531295776367,-21.571531295776367,-183.31719970703125
-215.71531677246094,-21.571531295776367,-21.571531295776367,-21.571531295776367,-21.571531295776367,-21.571531295776367,-183.35003662109375
-215.71531677246094,-21.571531295776367,-21.571531295776367,-21.571531295776367,-21.571531295776367,-21.571531295776367,-183.3828887939453
-215.71531677246094,-21.571531295776367,-21.571531295776367,-21.571531295776367,-21.571531295776367,-21.571531295776367,-183.4157257080078
-215.708740234375,-21.571531295776367,-21.572189331054688,-21.572189331054688,-21.572189331054688,-21.571531295776367,-183.4485626220703
-215.71531677246094,-21.571531295776367,-21.571531295776367,-21.571531295776367,-21.571531295776367,-21.571531295776367,-183.43214416503906
-215.71531677246094,-21.572189331054688,-21.571531295776367,-21.571531295776367,-21.571531295776367,-21.572189331054688,-183.48141479492188
-215.71531677246094,-21.571531295776367,-21.572189331054688,-21.571531295776367,-21.571531295776367,-21.571531295776367,-183.51425170898438
-215.71531677246094,-21.572189331054688,-21.571531295776367,-21.571531295776367,-21.571531295776367,-21.571531295776367,-183.51425170898438
-215.71531677246094,-21.571531295776367,-21.572189331054688,-21.571531295776367,-21.570873260498047,-21.571531295776367,-183.51425170898438
-215.71531677246094,-21.571531295776367,-21.571531295776367,-21.571531295776367,-21.571531295776367,-21.571531295776367,-183.48141479492188
-215.71531677246094,-21.571531295776367,-21.571531295776367,-21.571531295776367,-21.571531295776367,-21.571531295776367,-183.43214416503906
-215.708740234375,-21.571531295776367,-21.571531295776367,-21.571531295776367,-21.571531295776367,-21.572189331054688,-183.43214416503906
-215.71531677246094,-21.571531295776367,-21.571531295776367,-21.571531295776367,-21.571531295776367,-21.572189331054688,-183.35003662109375
-215.71531677246094,-21.571531295776367,-21.571531295776367,-21.571531295776367,-21.571531295776367,-21.571531295776367,-183.3828887939453
-215.7218780517578,-21.571531295776367,-21.571531295776367,-21.571531295776367,-21.571531295776367,-21.570873260498047,-183.3336181640625
-215.7218780517578,-21.571531295776367,-21.572189331054688,-21.571531295776367,-21.571531295776367,-21.572189331054688,-183.31719970703125
-215.71531677246094,-21.571531295776367,-21.571531295776367,-21.571531295776367,-21.571531295776367,-21.571531295776367,-183.35003662109375
-215.71531677246094,-21.572189331054688,-21.570873260498047,-21.571531295776367,-21.571531295776367,-21.572189331054688,-183.35003662109375
-215.71531677246094,-21.571531295776367,-21.571531295776367,-21.570873260498047,-21.571531295776367,-21.571531295776367,-183.3828887939453
-215.71531677246094,-21.571531295776367,-21.572189331054688,-21.571531295776367,-21.571531295776367,-21.571531295776367,-183.4157257080078
-215.71531677246094,-21.571531295776367,-21.571531295776367,-21.571531295776367,-21.571531295776367,-21.571531295776367,-183.4485626220703
-215.71531677246094,-21.571531295776367,-21.571531295776367,-21.571531295776367,-21.571531295776367,-21.572189331054688,-183.48141479492188
-215.7218780517578,-21.570873260498047,-21.571531295776367,-21.571531295776367,-21.571531295776367,-21.571531295776367,-183.51425170898438
-215.708740234375,-21.571531295776367,-21.571531295776367,-21.571531295776367,-21.570873260498047,-21.571531295776367,-183.53067016601562
-215.71531677246094,-21.571531295776367,-21.571531295776367,-21.571531295776367,-21.570873260498047,-21.571531295776367,-183.54708862304688
-215.71531677246094,-21.570873260498047,-21.571531295776367,-21.571531295776367,-21.571531295776367,-21.571531295776367,-183.51425170898438
-215.708740234375,-21.571531295776367,-21.571531295776367,-21.571531295776367,-21.571531295776367,-21.571531295776367,-183.48141479492188
-215.71531677246094,-21.571531295776367,-21.571531295776367,-21.571531295776367,-21.570873260498047,-21.571531295776367,-183.4485626220703
-215.71531677246094,-21.571531295776367,-21.571531295776367,-21.571531295776367,-21.570873260498047,-21.571531295776367,-183.4157257080078
-215.71531677246094,-21.571531295776367,-21.572189331054688,-21.571531295776367,-21.571531295776367,-21.571531295776367,-183.4157257080078
-215.71531677246094,-21.571531295776367,-21.571531295776367,-21.571531295776367,-21.570873260498047,-21.571531295776367,-183.3336181640625
-215.71531677246094,-21.570873260498047,-21.571531295776367,-21.572189331054688,-21.571531295776367,-21.571531295776367,-183.30078125
-215.71531677246094,-21.571531295776367,-21.571531295776367,-21.571531295776367,-21.571531295776367,-21.572189331054688,-183.3336181640625
-215.7218780517578,-21.571531295776367,-21.571531295776367,-21.571531295776367,-21.571531295776367,-21.571531295776367,-183.3828887939453
-215.71531677246094,-21.571531295776367,-21.572189331054688,-21.571531295776367,-21.571531295776367,-21.571531295776367,-183.35003662109375
-215.71531677246094,-21.571531295776367,-21.571531295776367,-21.571531295776367,-21.571531295776367,-21.571531295776367,-183.39930725097656
-215.708740234375,-21.572189331054688,-21.571531295776367,-21.571531295776367,-21.571531295776367,-21.572189331054688,-183.4157257080078
-215.71531677246094,-21.571531295776367,-21.571531295776367,-21.571531295776367,-21.571531295776367,-21.571531295776367,-183.43214416503906
-215.71531677246094,-21.570873260498047,-21.571531295776367,-21.572189331054688,-21.571531295776367,-21.571531295776367,-183.48141479492188
-215.71531677246094,-21.571531295776367,-21.571531295776367,-21.571531295776367,-21.571531295776367,-21.572189331054688,-183.51425170898438
-215.71531677246094,-21.571531295776367,-21.570873260498047,-21.571531295776367,-21.571531295776367,-21.571531295776367,-183.49783325195312
-215.71531677246094,-21.571531295776367,-21.571531295776367,-21.571531295776367,-21.571531295776367,-21.572189331054688,-183.54708862304688
-215.71531677246094,-21.572189331054688,-21.571531295776367,-21.571531295776367,-21.570873260498047,-21.571531295776367,-183.51425170898438
-215.71531677246094,-21.571531295776367,-21.571531295776367,-21.571531295776367,-21.571531295776367,-21.571531295776367,-183.53067016601562
-215.71531677246094,-21.571531295776367,-21.571531295776367,-21.571531295776367,-21.571531295776367,-21.571531295776367,-183.46498107910156
-215.71531677246094,-21.571531295776367,-21.571531295776367,-21.571531295776367,-21.572189331054688,-21.571531295776367,-183.4157257080078
-215.71531677246094,-21.571531295776367,-21.571531295776367,-21.571531295776367,-21.571531295776367,-21.571531295776367,-183.35003662109375
-215.708740234375,-21.570873260498047,-21.571531295776367,-21.571531295776367,-21.571531295776367,-21.571531295776367,-183.39930725097656
-215.71531677246094,-21.571531295776367,-21.571531295776367,-21.570873260498047,-21.571531295776367,-21.572189331054688,-183.31719970703125
-215.71531677246094,-21.571531295776367,-21.571531295776367,-21.571531295776367,-21.571531295776367,-21.572189331054688,-183.35003662109375
-215.708740234375,-21.571531295776367,-21.571531295776367,-21.571531295776367,-21.571531295776367,-21.571531295776367,-183.30078125
-215.71531677246094,-21.571531295776367,-21.571531295776367,-21.571531295776367,-21.570873260498047,-21.571531295776367,-183.35003662109375
-215.71531677246094,-21.571531295776367,-21.571531295776367,-21.571531295776367,-21.571531295776367,-21.571531295776367,-183.4157257080078
-215.708740234375,-21.571531295776367,-21.571531295776367,-21.571531295776367,-21.570873260498047,-21.571531295776367,-183.48141479492188
-215.71531677246094,-21.571531295776367,-21.571531295776367,-21.570873260498047,-21.570873260498047,-21.572189331054688,-183.49783325195312
-215.71531677246094,-21.571531295776367,-21.571531295776367,-21.571531295776367,-21.571531295776367,-21.571531295776367,-183.49783325195312
-215.7218780517578,-21.572189331054688,-21.571531295776367,-21.571531295776367,-21.571531295776367,-21.571531295776367,-183.53067016601562
-215.71531677246094,-21.571531295776367,-21.572189331054688,-21.571531295776367,-21.571531295776367,-21.571531295776367,-183.51425170898438
-215.71531677246094,-21.571531295776367,-21.571531295776367,-21.571531295776367,-21.571531295776367,-21.571531295776367,-183.49783325195312
-215.71531677246094,-21.571531295776367,-21.572189331054688,-21.571531295776367,-21.571531295776367,-21.572189331054688,-183.51425170898438
-215.71531677246094,-21.571531295776367,-21.572189331054688,-21.571531295776367,-21.571531295776367,-21.571531295776367,-183.48141479492188
-215.71531677246094,-21.571531295776367,-21.571531295776367,-21.571531295776367,-21.571531295776367,-21.572189331054688,-183.4485626220703
-215.71531677246094,-21.571531295776367,-21.571531295776367,-21.571531295776367,-21.571531295776367,-21.571531295776367,-183.4157257080078
-215.71531677246094,-21.571531295776367,-21.571531295776367,-21.571531295776367,-21.571531295776367,-21.571531295776367,-183.366455078125
-215.71531677246094,-21.571531295776367,-21.571531295776367,-21.571531295776367,-21.570873260498047,-21.571531295776367,-183.35003662109375
-215.71531677246094,-21.571531295776367,-21.571531295776367,-21.571531295776367,-21.571531295776367,-21.571531295776367,-183.31719970703125
-215.71531677246094,-21.571531295776367,-21.571531295776367,-21.570873260498047,-21.571531295776367,-21.571531295776367,-183.3336181640625
-215.71531677246094,-21.571531295776367,-21.571531295776367,-21.571531295776367,-21.571531295776367,-21.572189331054688,-183.35003662109375
-215.7218780517578,-21.571531295776367,-21.571531295776367,-21.571531295776367,-21.571531295776367,-21.571531295776367,-183.3828887939453
-215.71531677246094,-21.571531295776367,-21.571531295776367,-21.571531295776367,-21.571531295776367,-21.571531295776367,-183.4157257080078
-215.71531677246094,-21.571531295776367,-21.571531295776367,-21.571531295776367,-21.571531295776367,-21.572189331054688,-183.48141479492188
-215.71531677246094,-21.571531295776367,-21.571531295776367,-21.571531295776367,-21.571531295776367,-21.571531295776367,-183.51425170898438
-215.71531677246094,-21.571531295776367,-21.570873260498047,-21.571531295776367,-21.571531295776367,-21.572189331054688,-183.51425170898438
-215.7218780517578,-21.571531295776367,-21.571531295776367,-21.571531295776367,-21.571531295776367,-21.571531295776367,-183.54708862304688
-215.71531677246094,-21.571531295776367,-21.571531295776367,-21.571531295776367,-21.571531295776367,-21.571531295776367,-183.51425170898438
-215.708740234375,-21.571531295776367,-21.571531295776367,-21.571531295776367,-21.571531295776367,-21.571531295776367,-183.51425170898438
-215.71531677246094,-21.570873260498047,-21.571531295776367,-21.571531295776367,-21.570873260498047,-21.572189331054688,-183.48141479492188
-215.71531677246094,-21.571531295776367,-21.571531295776367,-21.571531295776367,-21.571531295776367,-21.571531295776367,-183.43214416503906
-215.71531677246094,-21.571531295776367,-21.571531295776367,-21.570873260498047,-21.571531295776367,-21.571531295776367,-183.4485626220703
-215.71531677246094,-21.571531295776367,-21.571531295776367,-21.571531295776367,-21.571531295776367,-21.572189331054688,-183.39930725097656
-215.71531677246094,-21.572189331054688,-21.571531295776367,-21.571531295776367,-21.571531295776367,-21.571531295776367,-183.3828887939453
-215.71531677246094,-21.571531295776367,-21.571531295776367,-21.572189331054688,-21.571531295776367,-21.571531295776367,-183.3336181640625
-215.7218780517578,-21.571531295776367,-21.571531295776367,-21.571531295776367,-21.571531295776367,-21.571531295776367,-183.35003662109375
-215.71531677246094,-21.571531295776367,-21.571531295776367,-21.571531295776367,-21.571531295776367,-21.571531295776367,-183.31719970703125
-215.71531677246094,-21.571531295776367,-21.571531295776367,-21.571531295776367,-21.570873260498047,-21.571531295776367,-183.4157257080078
-215.71531677246094,-21.571531295776367,-21.571531295776367,-21.570873260498047,-21.571531295776367,-21.571531295776367,-183.3828887939453
-215.71531677246094,-21.571531295776367,-21.571531295776367,-21.571531295776367,-21.571531295776367,-21.571531295776367,-183.43214416503906
-215.708740234375,-21.571531295776367,-21.571531295776367,-21.571531295776367,-21.571531295776367,-21.571531295776367,-183.49783325195312
-215.71531677246094,-21.571531295776367,-21.572189331054688,-21.571531295776367,-21.571531295776367,-21.571531295776367,-183.51425170898438
-215.7218780517578,-21.571531295776367,-21.571531295776367,-21.571531295776367,-21.571531295776367,-21.571531295776367,-183.54708862304688
-215.708740234375,-21.571531295776367,-21.571531295776367,-21.571531295776367,-21.571531295776367,-21.571531295776367,-183.54708862304688
-215.71531677246094,-21.571531295776367,-21.572189331054688,-21.571531295776367,-21.571531295776367,-21.571531295776367,-183.54708862304688
-215.71531677246094,-21.571531295776367,-21.572189331054688,-21.571531295776367,-21.571531295776367,-21.571531295776367,-183.51425170898438
-215.7218780517578,-21.571531295776367,-21.571531295776367,-21.571531295776367,-21.571531295776367,-21.571531295776367,-183.4157257080078
-215.708740234375,-21.571531295776367,-21.571531295776367,-21.570873260498047,-21.571531295776367,-21.571531295776367,-183.43214416503906
-215.71531677246094,-21.571531295776367,-21.571531295776367,-21.572189331054688,-21.571531295776367,-21.571531295776367,-183.43214416503906
-215.7218780517578,-21.571531295776367,-21.571531295776367,-21.571531295776367,-21.571531295776367,-21.571531295776367,-183.3828887939453
-215.71531677246094,-21.571531295776367,-21.571531295776367,-21.571531295776367,-21.572189331054688,-21.570873260498047,-183.3828887939453
-215.71531677246094,-21.570873260498047,-21.571531295776367,-21.571531295776367,-21.571531295776367,-21.572189331054688,-183.31719970703125
-215.71531677246094,-21.571531295776367,-21.571531295776367,-21.571531295776367,-21.571531295776367,-21.571531295776367,-183.3336181640625
-215.71531677246094,-21.571531295776367,-21.571531295776367,-21.571531295776367,-21.571531295776367,-21.572189331054688,-183.366455078125
-215.708740234375,-21.571531295776367,-21.572189331054688,-21.571531295776367,-21.571531295776367,-21.571531295776367,-183.3336181640625
-215.71531677246094,-21.571531295776367,-21.571531295776367,-21.571531295776367,-21.571531295776367,-21.571531295776367,-183.39930725097656
-215.708740234375,-21.571531295776367,-21.571531295776367,-21.571531295776367,-21.571531295776367,-21.571531295776367,-183.4157257080078
-215.71531677246094,-21.571531295776367,-21.571531295776367,-21.571531295776367,-21.571531295776367,-21.571531295776367,-183.46498107910156
-215.71531677246094,-21.571531295776367,-21.571531295776367,-21.571531295776367,-21.571531295776367,-21.571531295776367,-183.53067016601562
-215.71531677246094,-21.571531295776367,-21.571531295776367,-21.571531295776367,-21.571531295776367,-21.571531295776367,-183.53067016601562
-215.7218780517578,-21.571531295776367,-21.570873260498047,-21.571531295776367,-21.571531295776367,-21.571531295776367,-183.54708862304688
-215.71531677246094,-21.571531295776367,-21.571531295776367,-21.571531295776367,-21.571531295776367,-21.571531295776367,-183.54708862304688
-215.71531677246094,-21.571531295776367,-21.571531295776367,-21.571531295776367,-21.571531295776367,-21.571531295776367,-183.48141479492188
-215.71531677246094,-21.571531295776367,-21.571531295776367,-21.571531295776367,-21.571531295776367,-21.572189331054688,-183.49783325195312
-215.71531677246094,-21.571531295776367,-21.571531295776367,-21.571531295776367,-21.571531295776367,-21.572189331054688,-183.4485626220703
-215.71531677246094,-21.571531295776367,-21.571531295776367,-21.571531295776367,-21.571531295776367,-21.571531295776367,-183.366455078125
-215.71531677246094,-21.571531295776367,-21.570873260498047,-21.571531295776367,-21.572189331054688,-21.571531295776367,-183.35003662109375
-215.71531677246094,-21.571531295776367,-21.571531295776367,-21.571531295776367,-21.571531295776367,-21.571531295776367,-183.35003662109375
-215.71531677246094,-21.571531295776367,-21.571531295776367,-21.572189331054688,-21.571531295776367,-21.571531295776367,-183.31719970703125
-215.71531677246094,-21.571531295776367,-21.571531295776367,-21.571531295776367,-21.571531295776367,-21.571531295776367,-183.35003662109375
-215.71531677246094,-21.571531295776367,-21.571531295776367,-21.571531295776367,-21.571531295776367,-21.571531295776367,-183.3828887939453
-215.71531677246094,-21.572189331054688,-21.571531295776367,-21.571531295776367,-21.571531295776367,-21.572189331054688,-183.3828887939453
-215.71531677246094,-21.571531295776367,-21.571531295776367,-21.571531295776367,-21.571531295776367,-21.571531295776367,-183.43214416503906
-215.71531677246094,-21.571531295776367,-21.571531295776367,-21.572189331054688,-21.571531295776367,-21.571531295776367,-183.4485626220703
-215.71531677246094,-21.571531295776367,-21.571531295776367,-21.571531295776367,-21.571531295776367,-21.572189331054688,-183.49783325195312
-215.71531677246094,-21.570873260498047,-21.571531295776367,-21.571531295776367,-21.571531295776367,-21.572189331054688,-183.48141479492188
-215.71531677246094,-21.572189331054688,-21.572189331054688,-21.571531295776367,-21.571531295776367,-21.572189331054688,-183.51425170898438
-215.71531677246094,-21.571531295776367,-21.571531295776367,-21.570873260498047,-21.571531295776367,-21.572189331054688,-183.54708862304688
-215.71531677246094,-21.571531295776367,-21.571531295776367,-21.571531295776367,-21.571531295776367,-21.572189331054688,-183.49783325195312
-215.71531677246094,-21.571531295776367,-21.571531295776367,-21.571531295776367,-21.572189331054688,-21.571531295776367,-183.51425170898438
-215.71531677246094,-21.571531295776367,-21.571531295776367,-21.571531295776367,-21.571531295776367,-21.572189331054688,-183.46498107910156
-215.71531677246094,-21.571531295776367,-21.570873260498047,-21.571531295776367,-21.571531295776367,-21.571531295776367,-183.39930725097656
-215.71531677246094,-21.571531295776367,-21.571531295776367,-21.571531295776367,-21.571531295776367,-21.571531295776367,-183.4157257080078
-215.71531677246094,-21.571531295776367,-21.571531295776367,-21.571531295776367,-21.571531295776367,-21.571531295776367,-183.366455078125
-215.71531677246094,-21.571531295776367,-21.572189331054688,-21.571531295776367,-21.571531295776367,-21.571531295776367,-183.30078125
-215.71531677246094,-21.571531295776367,-21.571531295776367,-21.571531295776367,-21.571531295776367,-21.571531295776367,-183.35003662109375
-215.71531677246094,-21.572189331054688,-21.571531295776367,-21.571531295776367,-21.571531295776367,-21.571531295776367,-183.366455078125
-215.708740234375,-21.571531295776367,-21.571531295776367,-21.571531295776367,-21.571531295776367,-21.572189331054688,-183.35003662109375
-215.71531677246094,-21.571531295776367,-21.571531295776367,-21.571531295776367,-21.571531295776367,-21.572189331054688,-183.3828887939453
-215.71531677246094,-21.571531295776367,-21.571531295776367,-21.571531295776367,-21.571531295776367,-21.571531295776367,-183.43214416503906
-215.71531677246094,-21.571531295776367,-21.571531295776367,-21.571531295776367,-21.571531295776367,-21.571531295776367,-183.48141479492188
-215.7218780517578,-21.571531295776367,-21.572189331054688,-21.571531295776367,-21.571531295776367,-21.571531295776367,-183.51425170898438
-215.71531677246094,-21.571531295776367,-21.571531295776367,-21.571531295776367,-21.570873260498047,-21.571531295776367,-183.54708862304688
-215.71531677246094,-21.571531295776367,-21.572189331054688,-21.571531295776367,-21.571531295776367,-21.571531295776367,-183.56350708007812
-215.71531677246094,-21.571531295776367,-21.571531295776367,-21.571531295776367,-21.571531295776367,-21.571531295776367,-183.54708862304688
-215.7218780517578,-21.571531295776367,-21.571531295776367,-21.570873260498047,-21.572189331054688,-21.571531295776367,-183.53067016601562
-215.71531677246094,-21.571531295776367,-21.571531295776367,-21.571531295776367,-21.572189331054688,-21.571531295776367,-183.51425170898438
-215.71531677246094,-21.572189331054688,-21.571531295776367,-21.571531295776367,-21.572189331054688,-21.571531295776367,-183.4485626220703
-215.71531677246094,-21.571531295776367,-21.571531295776367,-21.571531295776367,-21.570873260498047,-21.571531295776367,-183.3828887939453
-215.71531677246094,-21.571531295776367,-21.571531295776367,-21.571531295776367,-21.571531295776367,-21.572189331054688,-183.3828887939453
-215.71531677246094,-21.571531295776367,-21.571531295776367,-21.571531295776367,-21.571531295776367,-21.571531295776367,-183.366455078125
-215.71531677246094,-21.571531295776367,-21.572189331054688,-21.571531295776367,-21.571531295776367,-21.571531295776367,-183.39930725097656
-215.708740234375,-21.571531295776367,-21.572189331054688,-21.571531295776367,-21.571531295776367,-21.572189331054688,-183.3336181640625
-215.708740234375,-21.571531295776367,-21.571531295776367,-21.571531295776367,-21.571531295776367,-21.571531295776367,-183.3828887939453
-215.71531677246094,-21.571531295776367,-21.571531295776367,-21.571531295776367,-21.571531295776367,-21.571531295776367,-183.39930725097656
-215.71531677246094,-21.571531295776367,-21.572189331054688,-21.571531295776367,-21.571531295776367,-21.571531295776367,-183.43214416503906
-215.71531677246094,-21.571531295776367,-21.571531295776367,-21.571531295776367,-21.571531295776367,-21.571531295776367,-183.4485626220703
-215.71531677246094,-21.571531295776367,-21.571531295776367,-21.571531295776367,-21.572189331054688,-21.571531295776367,-183.46498107910156
-215.71531677246094,-21.571531295776367,-21.571531295776367,-21.571531295776367,-21.571531295776367,-21.571531295776367,-183.53067016601562
-215.71531677246094,-21.572189331054688,-21.571531295776367,-21.570873260498047,-21.571531295776367,-21.571531295776367,-183.53067016601562
-215.71531677246094,-21.571531295776367,-21.571531295776367,-21.571531295776367,-21.571531295776367,-21.571531295776367,-183.53067016601562
-215.71531677246094,-21.571531295776367,-21.571531295776367,-21.571531295776367,-21.570873260498047,-21.571531295776367,-183.53067016601562
-215.71531677246094,-21.571531295776367,-21.571531295776367,-21.572189331054688,-21.571531295776367,-21.571531295776367,-183.54708862304688
-215.708740234375,-21.571531295776367,-21.570873260498047,-21.571531295776367,-21.571531295776367,-21.572189331054688,-183.51425170898438
-215.71531677246094,-21.571531295776367,-21.571531295776367,-21.571531295776367,-21.571531295776367,-21.571531295776367,-183.43214416503906
-215.71531677246094,-21.571531295776367,-21.571531295776367,-21.571531295776367,-21.571531295776367,-21.571531295776367,-183.39930725097656
-215.71531677246094,-21.571531295776367,-21.571531295776367,-21.572189331054688,-21.571531295776367,-21.571531295776367,-183.366455078125
-215.71531677246094,-21.571531295776367,-21.572189331054688,-21.571531295776367,-21.570873260498047,-21.572189331054688,-183.366455078125
-215.71531677246094,-21.571531295776367,-21.571531295776367,-21.571531295776367,-21.572189331054688,-21.572189331054688,-183.35003662109375
-215.71531677246094,-21.571531295776367,-21.570873260498047,-21.571531295776367,-21.571531295776367,-21.572189331054688,-183.31719970703125
-215.7218780517578,-21.571531295776367,-21.571531295776367,-21.571531295776367,-21.572189331054688,-21.571531295776367,-183.35003662109375
-215.71531677246094,-21.571531295776367,-21.571531295776367,-21.571531295776367,-21.572189331054688,-21.571531295776367,-183.39930725097656
-215.71531677246094,-21.571531295776367,-21.571531295776367,-21.571531295776367,-21.571531295776367,-21.571531295776367,-183.43214416503906
-215.71531677246094,-21.571531295776367,-21.571531295776367,-21.571531295776367,-21.571531295776367,-21.572189331054688,-183.4157257080078
-215.71531677246094,-21.571531295776367,-21.571531295776367,-21.571531295776367,-21.571531295776367,-21.571531295776367,-183.43214416503906
-215.7218780517578,-21.571531295776367,-21.571531295776367,-21.572189331054688,-21.571531295776367,-21.571531295776367,-183.51425170898438
-215.71531677246094,-21.571531295776367,-21.570873260498047,-21.571531295776367,-21.572189331054688,-21.571531295776367,-183.53067016601562
-215.71531677246094,-21.571531295776367,-21.571531295776367,-21.571531295776367,-21.571531295776367,-21.571531295776367,-183.53067016601562
-215.708740234375,-21.571531295776367,-21.570873260498047,-21.571531295776367,-21.570873260498047,-21.571531295776367,-183.56350708007812
-215.71531677246094,-21.572189331054688,-21.571531295776367,-21.571531295776367,-21.572189331054688,-21.572189331054688,-183.49783325195312
-215.71531677246094,-21.571531295776367,-21.571531295776367,-21.571531295776367,-21.571531295776367,-21.571531295776367,-183.43214416503906
-215.71531677246094,-21.571531295776367,-21.570873260498047,-21.571531295776367,-21.571531295776367,-21.571531295776367,-183.43214416503906
-215.71531677246094,-21.572189331054688,-21.571531295776367,-21.571531295776367,-21.571531295776367,-21.571531295776367,-183.3828887939453
-215.71531677246094,-21.572189331054688,-21.571531295776367,-21.571531295776367,-21.571531295776367,-21.571531295776367,-183.35003662109375
-215.71531677246094,-21.571531295776367,-21.571531295776367,-21.571531295776367,-21.572189331054688,-21.571531295776367,-183.366455078125
-215.71531677246094,-21.571531295776367,-21.571531295776367,-21.570873260498047,-21.571531295776367,-21.571531295776367,-183.35003662109375
-215.71531677246094,-21.571531295776367,-21.571531295776367,-21.571531295776367,-21.571531295776367,-21.572189331054688,-183.35003662109375
-215.71531677246094,-21.571531295776367,-21.570873260498047,-21.571531295776367,-21.571531295776367,-21.571531295776367,-183.366455078125
-215.71531677246094,-21.572189331054688,-21.571531295776367,-21.572189331054688,-21.571531295776367,-21.571531295776367,-183.3828887939453
-215.71531677246094,-21.571531295776367,-21.572189331054688,-21.571531295776367,-21.571531295776367,-21.571531295776367,-183.4157257080078
-215.71531677246094,-21.571531295776367,-21.571531295776367,-21.570873260498047,-21.571531295776367,-21.571531295776367,-183.49783325195312
-215.71531677246094,-21.572189331054688,-21.570873260498047,-21.571531295776367,-21.571531295776367,-21.572189331054688,-183.49783325195312
-215.708740234375,-21.571531295776367,-21.570873260498047,-21.571531295776367,-21.571531295776367,-21.571531295776367,-183.51425170898438
-215.71531677246094,-21.571531295776367,-21.571531295776367,-21.571531295776367,-21.571531295776367,-21.571531295776367,-183.53067016601562
-215.71531677246094,-21.571531295776367,-21.571531295776367,-21.571531295776367,-21.571531295776367,-21.571531295776367,-183.51425170898438
-215.71531677246094,-21.570873260498047,-21.571531295776367,-21.571531295776367,-21.570873260498047,-21.572189331054688,-183.51425170898438
-215.71531677246094,-21.571531295776367,-21.571531295776367,-21.571531295776367,-21.571531295776367,-21.571531295776367,-183.46498107910156
-215.71531677246094,-21.572189331054688,-21.571531295776367,-21.571531295776367,-21.571531295776367,-21.571531295776367,-183.46498107910156
-215.71531677246094,-21.570873260498047,-21.571531295776367,-21.571531295776367,-21.572189331054688,-21.571531295776367,-183.39930725097656
-215.7218780517578,-21.570873260498047,-21.571531295776367,-21.570873260498047,-21.571531295776367,-21.571531295776367,-183.366455078125
-215.7218780517578,-21.571531295776367,-21.571531295776367,-21.571531295776367,-21.571531295776367,-21.571531295776367,-183.366455078125
-215.71531677246094,-21.571531295776367,-21.571531295776367,-21.571531295776367,-21.572189331054688,-21.571531295776367,-183.3336181640625
-215.71531677246094,-21.571531295776367,-21.571531295776367,-21.571531295776367,-21.571531295776367,-21.572189331054688,-183.3828887939453
-215.71531677246094,-21.571531295776367,-21.571531295776367,-21.571531295776367,-21.571531295776367,-21.571531295776367,-183.3336181640625
-215.71531677246094,-21.571531295776367,-21.571531295776367,-21.571531295776367,-21.570873260498047,-21.571531295776367,-183.3336181640625
-215.71531677246094,-21.571531295776367,-21.571531295776367,-21.571531295776367,-21.571531295776367,-21.572189331054688,-183.39930725097656
-215.71531677246094,-21.571531295776367,-21.571531295776367,-21.571531295776367,-21.571531295776367,-21.571531295776367,-183.4157257080078
-215.71531677246094,-21.571531295776367,-21.571531295776367,-21.571531295776367,-21.571531295776367,-21.572189331054688,-183.46498107910156
-215.71531677246094,-21.570873260498047,-21.571531295776367,-21.571531295776367,-21.571531295776367,-21.571531295776367,-183.48141479492188
-215.7218780517578,-21.571531295776367,-21.571531295776367,-21.571531295776367,-21.571531295776367,-21.571531295776367,-183.56350708007812
-215.7218780517578,-21.571531295776367,-21.571531295776367,-21.571531295776367,-21.570873260498047,-21.571531295776367,-183.51425170898438
-215.71531677246094,-21.572189331054688,-21.572189331054688,-21.571531295776367,-21.571531295776367,-21.572189331054688,-183.49783325195312
-215.71531677246094,-21.572189331054688,-21.571531295776367,-21.571531295776367,-21.570873260498047,-21.571531295776367,-183.46498107910156
-215.71531677246094,-21.571531295776367,-21.571531295776367,-21.571531295776367,-21.571531295776367,-21.572189331054688,-183.49783325195312
-215.7218780517578,-21.572189331054688,-21.571531295776367,-21.571531295776367,-21.571531295776367,-21.571531295776367,-183.4485626220703
-215.71531677246094,-21.571531295776367,-21.571531295776367,-21.570873260498047,-21.571531295776367,-21.571531295776367,-183.4157257080078
-215.71531677246094,-21.571531295776367,-21.571531295776367,-21.571531295776367,-21.571531295776367,-21.572189331054688,-183.35003662109375
-215.71531677246094,-21.571531295776367,-21.571531295776367,-21.571531295776367,-21.571531295776367,-21.572189331054688,-183.35003662109375
-215.71531677246094,-21.570873260498047,-21.571531295776367,-21.571531295776367,-21.571531295776367,-21.571531295776367,-183.28436279296875
-215.71531677246094,-21.572189331054688,-21.571531295776367,-21.571531295776367,-21.571531295776367,-21.571531295776367,-183.3336181640625
-215.71531677246094,-21.571531295776367,-21.571531295776367,-21.571531295776367,-21.571531295776367,-21.571531295776367,-183.3336181640625
-215.71531677246094,-21.571531295776367,-21.571531295776367,-21.571531295776367,-21.571531295776367,-21.571531295776367,-183.35003662109375
-215.71531677246094,-21.571531295776367,-21.571531295776367,-21.571531295776367,-21.571531295776367,-21.571531295776367,-183.43214416503906
-215.708740234375,-21.571531295776367,-21.571531295776367,-21.571531295776367,-21.571531295776367,-21.572189331054688,-183.48141479492188
-215.71531677246094,-21.571531295776367,-21.570873260498047,-21.571531295776367,-21.571531295776367,-21.571531295776367,-183.48141479492188
-215.71531677246094,-21.571531295776367,-21.572189331054688,-21.571531295776367,-21.571531295776367,-21.571531295776367,-183.51425170898438
-215.71531677246094,-21.571531295776367,-21.571531295776367,-21.571531295776367,-21.571531295776367,-21.572189331054688,-183.51425170898438
-215.71531677246094,-21.571531295776367,-21.571531295776367,-21.571531295776367,-21.571531295776367,-21.571531295776367,-183.49783325195312
-215.71531677246094,-21.571531295776367,-21.572189331054688,-21.571531295776367,-21.571531295776367,-21.572189331054688,-183.51425170898438
-215.71531677246094,-21.571531295776367,-21.571531295776367,-21.571531295776367,-21.570873260498047,-21.571531295776367,-183.49783325195312
-215.71531677246094,-21.571531295776367,-21.572189331054688,-21.571531295776367,-21.571531295776367,-21.571531295776367,-183.48141479492188
-215.71531677246094,-21.572189331054688,-21.571531295776367,-21.572189331054688,-21.571531295776367,-21.571531295776367,-183.43214416503906
-215.7218780517578,-21.570873260498047,-21.571531295776367,-21.571531295776367,-21.571531295776367,-21.571531295776367,-183.3828887939453
-215.71531677246094,-21.571531295776367,-21.572189331054688,-21.571531295776367,-21.571531295776367,-21.571531295776367,-183.31719970703125
-215.71531677246094,-21.571531295776367,-21.571531295776367,-21.571531295776367,-21.571531295776367,-21.571531295776367,-183.3336181640625
-215.71531677246094,-21.570873260498047,-21.571531295776367,-21.571531295776367,-21.571531295776367,-21.570873260498047,-183.3336181640625
-215.71531677246094,-21.571531295776367,-21.571531295776367,-21.571531295776367,-21.570873260498047,-21.571531295776367,-183.366455078125
-215.71531677246094,-21.571531295776367,-21.571531295776367,-21.571531295776367,-21.571531295776367,-21.572189331054688,-183.366455078125
-215.71531677246094,-21.571531295776367,-21.571531295776367,-21.571531295776367,-21.570873260498047,-21.571531295776367,-183.39930725097656
-215.708740234375,-21.571531295776367,-21.571531295776367,-21.571531295776367,-21.571531295776367,-21.571531295776367,-183.4485626220703
-215.71531677246094,-21.571531295776367,-21.571531295776367,-21.571531295776367,-21.571531295776367,-21.571531295776367,-183.43214416503906
-215.708740234375,-21.571531295776367,-21.571531295776367,-21.572189331054688,-21.571531295776367,-21.571531295776367,-183.53067016601562
-215.71531677246094,-21.572189331054688,-21.571531295776367,-21.571531295776367,-21.571531295776367,-21.571531295776367,-183.53067016601562
-215.71531677246094,-21.570873260498047,-21.571531295776367,-21.571531295776367,-21.571531295776367,-21.572189331054688,-183.51425170898438
-215.7218780517578,-21.571531295776367,-21.571531295776367,-21.571531295776367,-21.571531295776367,-21.571531295776367,-183.56350708007812
-215.71531677246094,-21.571531295776367,-21.570873260498047,-21.570873260498047,-21.571531295776367,-21.571531295776367,-183.46498107910156
-215.71531677246094,-21.571531295776367,-21.571531295776367,-21.571531295776367,-21.571531295776367,-21.571531295776367,-183.49783325195312
-215.71531677246094,-21.571531295776367,-21.571531295776367,-21.571531295776367,-21.571531295776367,-21.571531295776367,-183.46498107910156
-215.71531677246094,-21.571531295776367,-21.571531295776367,-21.571531295776367,-21.571531295776367,-21.571531295776367,-183.39930725097656
-215.7218780517578,-21.571531295776367,-21.572189331054688,-21.571531295776367,-21.571531295776367,-21.572189331054688,-183.35003662109375
-215.71531677246094,-21.572189331054688,-21.571531295776367,-21.571531295776367,-21.571531295776367,-21.571531295776367,-183.35003662109375
-215.71531677246094,-21.570873260498047,-21.571531295776367,-21.571531295776367,-21.571531295776367,-21.571531295776367,-183.28436279296875
-215.71531677246094,-21.571531295776367,-21.572189331054688,-21.571531295776367,-21.571531295776367,-21.571531295776367,-183.30078125
-215.71531677246094,-21.571531295776367,-21.571531295776367,-21.571531295776367,-21.571531295776367,-21.571531295776367,-183.3336181640625
-215.71531677246094,-21.571531295776367,-21.572189331054688,-21.571531295776367,-21.571531295776367,-21.572189331054688,-183.31719970703125
-215.71531677246094,-21.572189331054688,-21.571531295776367,-21.571531295776367,-21.571531295776367,-21.571531295776367,-183.4157257080078
-215.71531677246094,-21.571531295776367,-21.571531295776367,-21.571531295776367,-21.571531295776367,-21.572189331054688,-183.43214416503906
-215.71531677246094,-21.571531295776367,-21.571531295776367,-21.571531295776367,-21.571531295776367,-21.572189331054688,-183.46498107910156
-215.71531677246094,-21.571531295776367,-21.571531295776367,-21.571531295776367,-21.571531295776367,-21.571531295776367,-183.53067016601562
-215.71531677246094,-21.571531295776367,-21.571531295776367,-21.571531295776367,-21.570873260498047,-21.571531295776367,-183.56350708007812
-215.71531677246094,-21.571531295776367,-21.571531295776367,-21.571531295776367,-21.571531295776367,-21.571531295776367,-183.53067016601562
-215.71531677246094,-21.571531295776367,-21.571531295776367,-21.571531295776367,-21.571531295776367,-21.571531295776367,-183.51425170898438
-215.71531677246094,-21.571531295776367,-21.571531295776367,-21.571531295776367,-21.571531295776367,-21.572189331054688,-183.51425170898438
-215.708740234375,-21.571531295776367,-21.571531295776367,-21.571531295776367,-21.572189331054688,-21.571531295776367,-183.49783325195312
-215.71531677246094,-21.572189331054688,-21.571531295776367,-21.571531295776367,-21.571531295776367,-21.572189331054688,-183.43214416503906
-215.71531677246094,-21.571531295776367,-21.570873260498047,-21.571531295776367,-21.571531295776367,-21.571531295776367,-183.366455078125
-215.71531677246094,-21.571531295776367,-21.571531295776367,-21.571531295776367,-21.571531295776367,-21.571531295776367,-183.3828887939453
-215.71531677246094,-21.571531295776367,-21.571531295776367,-21.571531295776367,-21.571531295776367,-21.571531295776367,-183.35003662109375
-215.71531677246094,-21.571531295776367,-21.571531295776367,-21.570873260498047,-21.571531295776367,-21.571531295776367,-183.31719970703125
-215.71531677246094,-21.571531295776367,-21.572189331054688,-21.572189331054688,-21.571531295776367,-21.571531295776367,-183.35003662109375
-215.708740234375,-21.571531295776367,-21.571531295776367,-21.571531295776367,-21.571531295776367,-21.571531295776367,-183.3336181640625
-215.71531677246094,-21.571531295776367,-21.571531295776367,-21.571531295776367,-21.571531295776367,-21.571531295776367,-183.366455078125
-215.71531677246094,-21.571531295776367,-21.571531295776367,-21.572189331054688,-21.571531295776367,-21.571531295776367,-183.4157257080078
-215.71531677246094,-21.571531295776367,-21.571531295776367,-21.571531295776367,-21.571531295776367,-21.572189331054688,-183.4485626220703
-215.71531677246094,-21.571531295776367,-21.571531295776367,-21.571531295776367,-21.571531295776367,-21.571531295776367,-183.4485626220703
-215.71531677246094,-21.571531295776367,-21.571531295776367,-21.571531295776367,-21.571531295776367,-21.571531295776367,-183.53067016601562
-215.71531677246094,-21.571531295776367,-21.571531295776367,-21.571531295776367,-21.571531295776367,-21.571531295776367,-183.54708862304688
-215.71531677246094,-21.571531295776367,-21.571531295776367,-21.571531295776367,-21.571531295776367,-21.571531295776367,-183.54708862304688
-215.71531677246094,-21.571531295776367,-21.571531295776367,-21.571531295776367,-21.571531295776367,-21.572189331054688,-183.53067016601562
-215.71531677246094,-21.571531295776367,-21.571531295776367,-21.571531295776367,-21.571531295776367,-21.571531295776367,-183.53067016601562
-215.71531677246094,-21.571531295776367,-21.571531295776367,-21.572189331054688,-21.571531295776367,-21.572189331054688,-183.4485626220703
-215.71531677246094,-21.571531295776367,-21.571531295776367,-21.572189331054688,-21.571531295776367,-21.571531295776367,-183.39930725097656
-215.71531677246094,-21.571531295776367,-21.571531295776367,-21.571531295776367,-21.571531295776367,-21.571531295776367,-183.3828887939453
-215.71531677246094,-21.571531295776367,-21.570873260498047,-21.572189331054688,-21.571531295776367,-21.571531295776367,-183.3828887939453
-215.71531677246094,-21.571531295776367,-21.570873260498047,-21.572189331054688,-21.571531295776367,-21.572189331054688,-183.3336181640625
-215.71531677246094,-21.572189331054688,-21.571531295776367,-21.571531295776367,-21.571531295776367,-21.571531295776367,-183.3336181640625
-215.71531677246094,-21.571531295776367,-21.571531295776367,-21.571531295776367,-21.571531295776367,-21.571531295776367,-183.31719970703125
-215.7218780517578,-21.571531295776367,-21.571531295776367,-21.571531295776367,-21.571531295776367,-21.571531295776367,-183.3828887939453
-215.71531677246094,-21.571531295776367,-21.571531295776367,-21.571531295776367,-21.570873260498047,-21.571531295776367,-183.4157257080078
-215.708740234375,-21.571531295776367,-21.571531295776367,-21.571531295776367,-21.571531295776367,-21.571531295776367,-183.4485626220703
-215.71531677246094,-21.571531295776367,-21.571531295776367,-21.571531295776367,-21.571531295776367,-21.571531295776367,-183.48141479492188
-215.71531677246094,-21.572189331054688,-21.571531295776367,-21.571531295776367,-21.571531295776367,-21.571531295776367,-183.53067016601562
-215.71531677246094,-21.570873260498047,-21.572189331054688,-21.571531295776367,-21.571531295776367,-21.572189331054688,-183.51425170898438
-215.71531677246094,-21.571531295776367,-21.572189331054688,-21.571531295776367,-21.571531295776367,-21.572189331054688,-183.56350708007812
-215.71531677246094,-21.570873260498047,-21.571531295776367,-21.570873260498047,-21.570873260498047,-21.572189331054688,-183.57994079589844
-215.71531677246094,-21.571531295776367,-21.571531295776367,-21.571531295776367,-21.572189331054688,-21.571531295776367,-183.51425170898438
-215.71531677246094,-21.572189331054688,-21.571531295776367,-21.571531295776367,-21.570873260498047,-21.572189331054688,-183.56350708007812
-215.71531677246094,-21.571531295776367,-21.570873260498047,-21.571531295776367,-21.571531295776367,-21.571531295776367,-183.4485626220703
-215.71531677246094,-21.571531295776367,-21.571531295776367,-21.570873260498047,-21.571531295776367,-21.571531295776367,-183.4157257080078
-215.71531677246094,-21.571531295776367,-21.572189331054688,-21.571531295776367,-21.571531295776367,-21.571531295776367,-183.39930725097656
-215.7218780517578,-21.571531295776367,-21.572189331054688,-21.571531295776367,-21.571531295776367,-21.572189331054688,-183.3336181640625
-215.708740234375,-21.570873260498047,-21.571531295776367,-21.572189331054688,-21.571531295776367,-21.571531295776367,-183.35003662109375
-215.71531677246094,-21.571531295776367,-21.571531295776367,-21.571531295776367,-21.572189331054688,-21.571531295776367,-183.366455078125
-215.71531677246094,-21.571531295776367,-21.570873260498047,-21.571531295776367,-21.571531295776367,-21.572189331054688,-183.31719970703125
-215.71531677246094,-21.571531295776367,-21.571531295776367,-21.571531295776367,-21.571531295776367,-21.571531295776367,-183.4157257080078
-215.7218780517578,-21.571531295776367,-21.572189331054688,-21.571531295776367,-21.571531295776367,-21.571531295776367,-183.4157257080078
-215.71531677246094,-21.571531295776367,-21.571531295776367,-21.571531295776367,-21.571531295776367,-21.571531295776367,-183.4157257080078
-215.71531677246094,-21.571531295776367,-21.571531295776367,-21.571531295776367,-21.571531295776367,-21.572189331054688,-183.4485626220703
-215.71531677246094,-21.572189331054688,-21.571531295776367,-21.571531295776367,-21.571531295776367,-21.571531295776367,-183.51425170898438
-215.71531677246094,-21.571531295776367,-21.571531295776367,-21.571531295776367,-21.571531295776367,-21.571531295776367,-183.49783325195312
-215.71531677246094,-21.571531295776367,-21.571531295776367,-21.571531295776367,-21.571531295776367,-21.572189331054688,-183.51425170898438
-215.71531677246094,-21.570873260498047,-21.571531295776367,-21.571531295776367,-21.572189331054688,-21.571531295776367,-183.49783325195312
-215.71531677246094,-21.571531295776367,-21.570873260498047,-21.571531295776367,-21.571531295776367,-21.571531295776367,-183.51425170898438
-215.71531677246094,-21.571531295776367,-21.571531295776367,-21.570873260498047,-21.571531295776367,-21.571531295776367,-183.49783325195312
-215.71531677246094,-21.571531295776367,-21.571531295776367,-21.571531295776367,-21.571531295776367,-21.571531295776367,-183.4485626220703
-215.71531677246094,-21.571531295776367,-21.571531295776367,-21.571531295776367,-21.571531295776367,-21.572189331054688,-183.43214416503906
-215.708740234375,-21.571531295776367,-21.571531295776367,-21.571531295776367,-21.571531295776367,-21.571531295776367,-183.3828887939453
-215.71531677246094,-21.571531295776367,-21.571531295776367,-21.571531295776367,-21.571531295776367,-21.571531295776367,-183.35003662109375
-215.71531677246094,-21.571531295776367,-21.571531295776367,-21.571531295776367,-21.572189331054688,-21.571531295776367,-183.35003662109375
-215.7218780517578,-21.571531295776367,-21.571531295776367,-21.571531295776367,-21.572189331054688,-21.571531295776367,-183.3336181640625
-215.708740234375,-21.571531295776367,-21.571531295776367,-21.571531295776367,-21.571531295776367,-21.571531295776367,-183.366455078125
-215.7218780517578,-21.571531295776367,-21.571531295776367,-21.572189331054688,-21.571531295776367,-21.571531295776367,-183.35003662109375
-215.71531677246094,-21.572189331054688,-21.571531295776367,-21.571531295776367,-21.571531295776367,-21.571531295776367,-183.43214416503906
-215.71531677246094,-21.571531295776367,-21.571531295776367,-21.570873260498047,-21.570873260498047,-21.571531295776367,-183.43214416503906
-215.71531677246094,-21.571531295776367,-21.571531295776367,-21.571531295776367,-21.571531295776367,-21.571531295776367,-183.49783325195312
-215.71531677246094,-21.571531295776367,-21.570873260498047,-21.571531295776367,-21.571531295776367,-21.571531295776367,-183.51425170898438
-215.71531677246094,-21.571531295776367,-21.571531295776367,-21.571531295776367,-21.571531295776367,-21.571531295776367,-183.56350708007812
-215.71531677246094,-21.570873260498047,-21.571531295776367,-21.571531295776367,-21.571531295776367,-21.571531295776367,-183.51425170898438
-215.71531677246094,-21.572189331054688,-21.571531295776367,-21.571531295776367,-21.571531295776367,-21.572189331054688,-183.54708862304688
-215.708740234375,-21.571531295776367,-21.571531295776367,-21.571531295776367,-21.571531295776367,-21.571531295776367,-183.49783325195312
-215.71531677246094,-21.571531295776367,-21.571531295776367,-21.571531295776367,-21.571531295776367,-21.571531295776367,-183.43214416503906
-215.71531677246094,-21.571531295776367,-21.572189331054688,-21.571531295776367,-21.571531295776367,-21.571531295776367,-183.4485626220703
-215.71531677246094,-21.571531295776367,-21.571531295776367,-21.571531295776367,-21.571531295776367,-21.571531295776367,-183.39930725097656
-215.71531677246094,-21.571531295776367,-21.571531295776367,-21.570873260498047,-21.570873260498047,-21.571531295776367,-183.366455078125
-215.7218780517578,-21.571531295776367,-21.571531295776367,-21.571531295776367,-21.571531295776367,-21.571531295776367,-183.3336181640625
-215.71531677246094,-21.571531295776367,-21.571531295776367,-21.571531295776367,-21.571531295776367,-21.571531295776367,-183.366455078125
-215.71531677246094,-21.571531295776367,-21.570873260498047,-21.571531295776367,-21.571531295776367,-21.572189331054688,-183.35003662109375
-215.71531677246094,-21.572189331054688,-21.571531295776367,-21.571531295776367,-21.571531295776367,-21.571531295776367,-183.35003662109375
-215.71531677246094,-21.571531295776367,-21.571531295776367,-21.571531295776367,-21.571531295776367,-21.571531295776367,-183.31719970703125
-215.71531677246094,-21.571531295776367,-21.570873260498047,-21.570873260498047,-21.571531295776367,-21.572189331054688,-183.4157257080078
-215.71531677246094,-21.571531295776367,-21.570873260498047,-21.570873260498047,-21.571531295776367,-21.570873260498047,-183.46498107910156
-215.71531677246094,-21.571531295776367,-21.571531295776367,-21.571531295776367,-21.571531295776367,-21.571531295776367,-183.51425170898438
-215.7218780517578,-21.571531295776367,-21.571531295776367,-21.571531295776367,-21.571531295776367,-21.572189331054688,-183.53067016601562
-215.71531677246094,-21.571531295776367,-21.571531295776367,-21.571531295776367,-21.571531295776367,-21.571531295776367,-183.54708862304688
-215.71531677246094,-21.572189331054688,-21.571531295776367,-21.571531295776367,-21.571531295776367,-21.571531295776367,-183.54708862304688
-215.71531677246094,-21.571531295776367,-21.571531295776367,-21.571531295776367,-21.572189331054688,-21.572189331054688,-183.53067016601562
-215.71531677246094,-21.572189331054688,-21.571531295776367,-21.571531295776367,-21.571531295776367,-21.572189331054688,-183.49783325195312
-215.71531677246094,-21.571531295776367,-21.572189331054688,-21.571531295776367,-21.571531295776367,-21.572189331054688,-183.43214416503906
-215.71531677246094,-21.570873260498047,-21.571531295776367,-21.571531295776367,-21.571531295776367,-21.571531295776367,-183.4157257080078
-215.71531677246094,-21.571531295776367,-21.571531295776367,-21.571531295776367,-21.571531295776367,-21.572189331054688,-183.39930725097656
-215.71531677246094,-21.571531295776367,-21.572189331054688,-21.571531295776367,-21.571531295776367,-21.571531295776367,-183.366455078125
-215.71531677246094,-21.571531295776367,-21.571531295776367,-21.572189331054688,-21.571531295776367,-21.572189331054688,-183.31719970703125
-215.71531677246094,-21.571531295776367,-21.571531295776367,-21.571531295776367,-21.571531295776367,-21.571531295776367,-183.35003662109375
-215.7218780517578,-21.571531295776367,-21.571531295776367,-21.570873260498047,-21.571531295776367,-21.572189331054688,-183.35003662109375
-215.708740234375,-21.572189331054688,-21.571531295776367,-21.572189331054688,-21.571531295776367,-21.571531295776367,-183.366455078125
-215.708740234375,-21.571531295776367,-21.571531295776367,-21.571531295776367,-21.571531295776367,-21.572189331054688,-183.39930725097656
-215.7218780517578,-21.571531295776367,-21.571531295776367,-21.571531295776367,-21.571531295776367,-21.572189331054688,-183.4157257080078
-215.7218780517578,-21.571531295776367,-21.572189331054688,-21.571531295776367,-21.571531295776367,-21.572189331054688,-183.46498107910156
-215.71531677246094,-21.571531295776367,-21.571531295776367,-21.571531295776367,-21.571531295776367,-21.571531295776367,-183.48141479492188
-215.71531677246094,-21.571531295776367,-21.571531295776367,-21.572189331054688,-21.571531295776367,-21.572189331054688,-183.49783325195312
-215.71531677246094,-21.571531295776367,-21.571531295776367,-21.571531295776367,-21.571531295776367,-21.572189331054688,-183.51425170898438
-215.71531677246094,-21.571531295776367,-21.571531295776367,-21.571531295776367,-21.571531295776367,-21.572189331054688,-183.54708862304688
-215.71531677246094,-21.571531295776367,-21.571531295776367,-21.571531295776367,-21.571531295776367,-21.572189331054688,-183.46498107910156
-215.71531677246094,-21.571531295776367,-21.572189331054688,-21.571531295776367,-21.571531295776367,-21.571531295776367,-183.49783325195312
-215.71531677246094,-21.571531295776367,-21.571531295776367,-21.572189331054688,-21.571531295776367,-21.571531295776367,-183.4485626220703
-215.71531677246094,-21.572189331054688,-21.571531295776367,-21.571531295776367,-21.571531295776367,-21.571531295776367,-183.39930725097656
-215.71531677246094,-21.571531295776367,-21.571531295776367,-21.571531295776367,-21.571531295776367,-21.571531295776367,-183.3828887939453
-215.71531677246094,-21.571531295776367,-21.571531295776367,-21.572189331054688,-21.572189331054688,-21.571531295776367,-183.3336181640625
-215.71531677246094,-21.571531295776367,-21.571531295776367,-21.571531295776367,-21.571531295776367,-21.571531295776367,-183.28436279296875
-215.71531677246094,-21.571531295776367,-21.572189331054688,-21.571531295776367,-21.571531295776367,-21.571531295776367,-183.366455078125
-215.71531677246094,-21.572189331054688,-21.571531295776367,-21.571531295776367,-21.571531295776367,-21.570873260498047,-183.3336181640625
-215.71531677246094,-21.571531295776367,-21.571531295776367,-21.571531295776367,-21.571531295776367,-21.572189331054688,-183.3828887939453
-215.71531677246094,-21.571531295776367,-21.571531295776367,-21.571531295776367,-21.571531295776367,-21.571531295776367,-183.4157257080078
-215.71531677246094,-21.571531295776367,-21.571531295776367,-21.571531295776367,-21.571531295776367,-21.571531295776367,-183.4485626220703
-215.71531677246094,-21.571531295776367,-21.571531295776367,-21.571531295776367,-21.571531295776367,-21.571531295776367,-183.51425170898438
-215.7218780517578,-21.571531295776367,-21.571531295776367,-21.571531295776367,-21.571531295776367,-21.571531295776367,-183.53067016601562
-215.708740234375,-21.571531295776367,-21.571531295776367,-21.571531295776367,-21.571531295776367,-21.572189331054688,-183.53067016601562
-215.71531677246094,-21.572189331054688,-21.571531295776367,-21.571531295776367,-21.571531295776367,-21.571531295776367,-183.54708862304688
-215.71531677246094,-21.571531295776367,-21.572189331054688,-21.571531295776367,-21.571531295776367,-21.572189331054688,-183.51425170898438
-215.71531677246094,-21.570873260498047,-21.571531295776367,-21.572189331054688,-21.571531295776367,-21.572189331054688,-183.49783325195312
-215.7218780517578,-21.571531295776367,-21.572189331054688,-21.571531295776367,-21.570873260498047,-21.571531295776367,-183.48141479492188
